-135.265781677808	-657.155090332031
-132.236709759276	-657.407653808594
-129.208653760716	-656.378112792969
-126.181613199586	-656.496337890625
-123.155587593635	-656.280700683594
-120.130576460916	-656.094055175781
-117.106579319789	-655.977294921875
-114.083595688923	-655.845275878906
-111.061625087294	-655.857055664063
-108.040667034172	-655.386901855469
-105.020721049135	-655.12353515625
-102.001786652066	-654.51904296875
-98.9838633631476	-653.617736816406
-95.9669507028802	-653.76025390625
-92.9510481920504	-654.03564453125
-89.9361553517448	-653.903137207031
-86.9222717033693	-653.458923339844
-83.9093967686252	-652.251281738281
-80.8975300695124	-652.628234863281
-77.8866711283294	-652.634460449219
-74.8768194676892	-651.7734375
-71.8679746104908	-651.919250488281
-68.8601360799475	-651.397888183594
-65.8533033995658	-651.016967773438
-62.8474760931499	-651.227905273438
-59.8426536848132	-650.186584472656
-56.8388356989659	-649.855895996094
-53.8360216603152	-649.369079589844
-50.8342110938685	-648.881774902344
-47.8334035249377	-647.982788085938
-44.8335984791267	-647.098266601563
-41.834795482347	-645.15771484375
-38.8369940607979	-643.712768554688
-35.8401937409818	-642.734130859375
-32.8443940497084	-641.280944824219
-29.8495945140702	-639.108825683594
-26.8557946614661	-637.987854003906
-23.8629940195937	-636.740600585938
-20.8711921164406	-631.507629394531
-17.8803884803003	-626.726013183594
-14.8905826397601	-619.395812988281
-11.9017741236966	-587.361328125
-8.9139624612918	-408.348693847656
-5.92714718202052	988.45703125
-2.94132781565444	6754.9375
0.0434961077382248	10667.3515625
3.02732505780103	8836.5283203125
6.01015950386537	2902.38891601563
8.99199991499091	-173.099517822266
11.9728467599297	-579.394592285156
14.9527005071342	-622.666870117188
17.9315616247742	-632.094360351563
20.909430580716	-636.010375976563
23.8863078425397	-637.881225585938
26.8621938775227	-638.573974609375
29.8370891526562	-638.977294921875
32.8109941346455	-638.876525878906
35.783909289882	-639.234497070313
38.7558350844837	-638.443786621094
41.7267719842672	-638.763916015625
44.6967204547641	-638.22412109375
47.665680961197	-637.165466308594
50.6336539685201	-636.254455566406
53.600639941379	-632.750427246094
56.5666393441393	-624.564392089844
59.5316526408625	-591.355651855469
62.4956802953306	-488.250274658203
65.4587227710298	-230.092559814453
68.4207805311594	219.547103881836
71.3818540386274	770.172424316406
74.3419437560472	1294.56860351563
77.3010501457494	1782.7060546875
80.2591736697664	2031.71765136719
83.2163147898564	2094.115234375
86.1724739674758	2136.97216796875
89.1276516637912	2177.578125
92.0818483396878	2104.42138671875
95.0350644557615	1948.93176269531
97.9873004723194	1841.76110839844
100.938556849376	1738.13891601563
103.888834046664	1605.17663574219
106.83813252363	1553.2294921875
109.786452739426	1514.26049804688
112.733795152917	1429.79577636719
115.680160222699	1360.59057617188
118.625548407052	1335.32690429688
121.569960163999	1256.90771484375
124.513395951254	1253.34106445313
127.45585622626	1248.04138183594
130.397341446169	1228.06066894531
133.337852067845	1171.05065917969
136.277388547871	1125.41174316406
139.215951342542	1100.32861328125
142.153540907874	1072.10522460938
145.090157699595	1052.88952636719
148.025802173138	997.903930664063
150.960474783674	979.4892578125
153.89417598607	958.397033691406
156.826906234926	949.386901855469
159.758665984545	922.99560546875
162.689455688947	934.901062011719
165.619275801883	961.325378417969
168.548126776814	949.053894042969
171.476009066906	890.427185058594
174.402923125057	799.897216796875
177.328869403886	763.375061035156
180.253848355719	708.068176269531
183.177860432609	694.132019042969
186.100906086319	686.751831054688
189.022985768336	708.986938476563
191.944099929863	713.844543457031
194.864249021832	683.324829101563
197.783433494883	616.583374023438
200.701653799384	585.123718261719
203.618910385413	590.671936035156
206.535203702774	553.46484375
209.450534200994	515.517578125
212.364902329318	526.985473632813
215.278308536712	515.475952148438
218.190753271859	510.500122070313
221.102236983173	500.547119140625
224.012760118779	466.579467773438
226.922323126528	423.715942382813
229.830926453993	380.726959228516
232.738570548467	351.775360107422
235.645255856972	352.587097167969
238.550982826246	356.028869628906
241.455751902746	328.389556884766
244.359563532666	318.180206298828
247.262418161907	308.749084472656
250.164316236108	278.318298339844
253.06525820062	261.969390869141
255.965244500518	247.354202270508
258.864275580614	227.687545776367
261.762351885427	214.139785766602
264.659473859216	197.236801147461
267.555641945957	180.045333862305
270.45085658935	173.417190551758
273.345118232815	165.493133544922
276.238427319512	160.258361816406
279.130784292319	152.831329345703
282.022189593831	131.782470703125
284.912643666385	126.741348266602
287.802146952034	129.448806762695
290.690699892558	113.497283935547
293.578302929465	86.8054504394531
296.464956503989	82.8695068359375
299.350661057098	87.0154190063477
302.235417029471	92.3616790771484
305.119224861536	89.6786880493164
308.002084993427	102.070106506348
310.88399786502	111.824867248535
313.76496391592	140.439239501953
316.644983585446	212.750274658203
319.524057312657	344.372711181641
322.402185536344	484.032623291016
325.27936869502	516.322387695313
328.155607226924	430.375610351563
331.030901570028	295.192108154297
333.90525216204	170.986709594727
336.778659440391	118.826103210449
339.651123842242	79.0584182739258
342.52264580448	70.1577682495117
345.393225763731	62.8278350830078
348.262864156352	73.2686004638672
351.131561418424	75.754150390625
353.999317985763	52.9289321899414
356.866134293912	47.0151596069336
359.732010778147	56.4128494262695
362.596947873477	54.2071571350098
365.460946014648	49.8573570251465
368.324005636133	47.1856918334961
371.186127172134	49.2847023010254
374.047311056585	42.5951614379883
376.907557723163	42.3837280273438
379.766867605264	37.3022575378418
382.62524113603	34.0137023925781
385.482678748326	46.9328842163086
388.339180874756	55.8227767944336
391.194747947659	53.8981590270996
394.049380399102	58.9738655090332
396.903078660893	58.7388000488281
399.755843164565	43.6225471496582
402.607674341392	33.0251502990723
405.458572622387	38.0577011108398
408.308538438289	44.8165016174316
411.157572219577	40.4348564147949
414.005674396461	62.8535461425781
416.852845398891	54.7836494445801
419.699085656558	53.877025604248
422.544395598872	45.7855491638184
425.388775654992	45.9906768798828
428.232226253813	57.7442474365234
431.074747823968	66.209228515625
433.916340793817	72.7152862548828
436.75700559146	63.6623687744141
439.596742644748	48.5023574829102
442.435552381246	43.5907974243164
445.273435228277	42.4795265197754
448.110391612888	53.7241249084473
450.946421961873	60.7023582458496
453.781526701766	58.5253448486328
456.615706258824	57.9856414794922
459.448961059057	62.4610748291016
462.281291528209	57.6256790161133
465.112698091761	58.3683547973633
467.943181174944	69.3187408447266
470.772741202705	69.8434829711914
473.60137859976	60.9314804077148
476.429093790544	60.379020690918
479.255887199234	69.7898178100586
482.081759249756	41.5046043395996
484.90671036577	63.4270896911621
487.730740970679	75.5276336669922
490.553851487622	70.984016418457
493.376042339492	56.8184623718262
496.197313948902	61.860595703125
499.017666738225	66.2659759521484
501.837101129568	76.0494079589844
504.65561754478	65.8183059692383
507.47321640545	69.3726654052734
510.289898132913	82.868049621582
513.105663148248	76.0451736450195
515.920511872273	69.4596252441406
518.734444725542	77.8743591308594
521.547462128367	77.0226593017578
524.359564500792	66.1119918823242
527.170752262605	60.9127006530762
529.981025833341	49.061824798584
532.790385632282	57.811222076416
535.598832078445	54.5682754516602
538.406365590597	61.8144874572754
541.212986587249	64.7869033813477
544.018695486652	75.7891998291016
546.823492706806	78.3621368408203
549.627378665461	53.239013671875
552.4303537801	53.8791313171387
555.232418467959	72.0009841918945
558.033573146012	82.5897598266602
560.833818230998	64.6084060668945
563.633154139377	66.9013977050781
566.431581287368	74.3724212646484
569.229100090937	85.0584945678711
572.02571096579	92.0003814697266
574.821414327391	81.3869552612305
577.616210590935	62.0737915039063
580.410100171381	68.1756820678711
583.20308348342	87.2407836914063
585.995160941501	89.3061218261719
588.78633295981	70.9198532104492
591.576599952298	61.0449447631836
594.365962332643	59.7628707885742
597.15442051429	70.3736267089844
599.941974910419	71.0364532470703
602.728625933962	71.9217681884766
605.514373997606	70.9628601074219
608.29921951378	75.2301177978516
611.083162894665	79.2753753662109
613.866204552186	80.6690216064453
616.648344898032	60.3814277648926
619.429584343623	38.1903495788574
622.209923300141	50.2846984863281
624.989362178515	56.7199974060059
627.767901389424	76.1592407226563
630.545541343297	66.2431259155273
633.322282450312	44.4531860351563
636.098125120403	50.8782844543457
638.873069763254	75.9665832519531
641.647116788295	74.5921249389648
644.420266604709	64.4104766845703
647.192519621431	60.5586814880371
649.963876247161	63.5330085754395
652.734336890324	72.7446136474609
655.503901959122	74.4304962158203
658.272571861497	62.8647422790527
661.040347005142	65.0843887329102
663.807227797514	68.1190567016602
666.573214645815	81.1465454101563
669.338307956992	84.5075531005859
672.102508137759	93.7428665161133
674.865815594584	90.7931900024414
677.628230733677	76.6214981079102
680.389753961008	67.3907470703125
683.150385682309	84.5453948974609
685.910126303044	90.5372619628906
688.668976228461	69.5108261108398
691.426935863537	76.7290267944336
694.184005613023	96.4326248168945
696.940185881406	94.0845642089844
699.695477072946	86.040397644043
702.449879591645	85.6964416503906
705.203393841273	91.8341522216797
707.95602022534	99.3164825439453
710.707759147133	104.087913513184
713.458611009669	108.241027832031
716.208576215747	103.135047912598
718.957655167903	107.381118774414
721.70584826844	119.171821594238
724.453155919412	120.399749755859
727.199578522641	126.246368408203
729.945116479687	116.011703491211
732.68977019189	101.873527526855
735.433540060329	91.2910690307617
738.17642648585	89.997688293457
740.918429869054	88.7489318847656
743.659550610303	97.611442565918
746.399789109712	125.696380615234
749.139145767159	136.833312988281
751.877620982282	152.926010131836
754.615215154471	145.767028808594
757.351928682878	131.223022460938
760.087761966425	121.67919921875
762.822715403774	121.535507202148
765.556789393358	120.258689880371
768.289984333375	117.28572845459
771.022300621766	104.49072265625
773.753738656249	100.732902526855
776.48429883429	103.515991210938
779.21398155313	105.402946472168
781.942787209755	121.16414642334
784.670716200913	122.577354431152
787.397768923129	111.687019348145
790.123945772673	109.085731506348
792.849247145583	113.410514831543
795.573673437659	113.128067016602
798.297225044459	108.601318359375
801.019902361304	106.600654602051
803.741705783282	113.15567779541
806.462635705236	119.903465270996
809.182692521782	110.421783447266
811.90187662728	115.85132598877
814.620188415871	116.236595153809
817.337628281454	119.777572631836
820.054196617687	115.103874206543
822.769893817995	120.489570617676
825.484720275562	122.286529541016
828.198676383347	119.053977966309
830.911762534055	136.143829345703
833.623979120171	129.137512207031
836.335326533941	120.412796020508
839.045805167365	116.873428344727
841.755415412218	118.556396484375
844.464157660043	121.728385925293
847.172032302133	126.270904541016
849.879039729564	136.25798034668
852.585180333157	137.719268798828
855.290454503521	142.373260498047
857.994862631014	154.064453125
860.698405105765	138.689071655273
863.401082317674	123.573104858398
866.102894656396	130.486892700195
868.803842511364	145.185974121094
871.503926271772	134.640762329102
874.203146326576	144.1474609375
876.901503064509	149.995101928711
879.598996874061	147.390975952148
882.295628143503	158.216567993164
884.991397260856	144.834915161133
887.686304613922	139.534851074219
890.380350590262	134.175628662109
893.073535577214	132.068359375
895.765859961879	146.368637084961
898.457324131118	151.076416015625
901.147928471578	145.362091064453
903.837673369658	129.699737548828
906.526559211541	124.755989074707
909.214586383162	140.404983520508
911.901755270245	143.350326538086
914.588066258262	142.362457275391
917.273519732471	152.382110595703
919.958116077894	147.187057495117
922.641855679315	159.310577392578
925.324738921306	160.323150634766
928.006766188195	180.524673461914
930.687937864078	177.918899536133
933.368254332836	167.353942871094
936.047715978107	186.552062988281
938.726323183309	193.194732666016
941.404076331622	176.037521362305
944.080975806004	174.561798095703
946.75702198919	177.056579589844
949.432215263668	157.284790039063
952.106556011714	161.557525634766
954.780044615375	171.852569580078
957.452681456458	184.814392089844
960.124466916555	177.887390136719
962.795401377023	162.767883300781
965.465485219	166.352142333984
968.134718823383	168.225372314453
970.803102570853	178.680206298828
973.470636841861	188.875823974609
976.137322016633	198.734497070313
978.803158475164	187.62287902832
981.468146597227	169.844665527344
984.132286762362	155.340576171875
986.795579349894	168.518081665039
989.458024738913	162.132675170898
992.119623308283	154.243621826172
994.780375436653	162.191696166992
997.440281502432	167.813919067383
1000.09934188381	177.169509887695
1002.75755695877	202.102981567383
1005.41492710503	245.803176879883
1008.07145270011	255.198501586914
1010.72713412132	230.775360107422
1013.38197174571	189.815216064453
1016.03596595012	175.563812255859
1018.68911711118	173.290252685547
1021.34142560529	170.950088500977
1023.9928918086	171.661773681641
1026.64351609708	164.551330566406
1029.29329884644	170.226150512695
1031.94224043219	197.589874267578
1034.5903412296	222.383285522461
1037.23760161373	241.880477905273
1039.88402195942	235.885116577148
1042.52960264127	211.278671264648
1045.17434403366	201.03157043457
1047.81824651077	199.277099609375
1050.46131044653	185.715255737305
1053.10353621468	166.546020507813
1055.7449241887	166.539840698242
1058.38547474188	167.059600830078
1061.02518824727	182.742370605469
1063.66406507771	189.9140625
1066.30210560581	192.248748779297
1068.93931020397	198.220550537109
1071.57567924436	210.96272277832
1074.21121309892	211.608657836914
1076.8459121394	206.632385253906
1079.4797767373	197.841323852539
1082.11280726391	216.665115356445
1084.74500409031	213.407470703125
1087.37636758734	216.368347167969
1090.00689812565	219.092224121094
1092.63659607563	222.175399780273
1095.26546180749	211.621551513672
1097.8934956912	214.164016723633
1100.5206980965	232.521347045898
1103.14706939295	220.78239440918
1105.77260994985	210.095291137695
1108.39732013631	190.993438720703
1111.02120032121	178.180465698242
1113.6442508732	172.826766967773
1116.26647216074	180.221221923828
1118.88786455205	174.149032592773
1121.50842841514	180.52131652832
1124.1281641178	180.256561279297
1126.74707202761	196.814041137695
1129.36515251191	217.830780029297
1131.98240593787	227.236450195313
1134.59883267239	210.249542236328
1137.21443308217	189.355178833008
1139.82920753373	172.964569091797
1142.44315639332	148.618392944336
1145.056280027	137.338882446289
1147.66857880063	129.837173461914
1150.28005307981	117.08358001709
1152.89070322996	130.944839477539
1155.50052961627	145.398666381836
1158.10953260374	150.771011352539
1160.7177125571	151.291488647461
1163.32506984093	149.834197998047
1165.93160481954	148.102844238281
1168.53731785706	134.304809570313
1171.14220931739	153.121536254883
1173.74627956421	153.234603881836
1176.34952896102	139.873580932617
1178.95195787107	160.764389038086
1181.55356665739	170.255172729492
1184.15435568284	156.38298034668
1186.75432531002	143.710800170898
1189.35347590135	140.97932434082
1191.95180781901	143.24040222168
1194.54932142499	145.434844970703
1197.14601708104	151.377380371094
1199.74189514873	163.70881652832
1202.33695598941	168.7216796875
1204.93119996418	177.893768310547
1207.52462743397	189.147338867188
1210.11723875949	200.519393920898
1212.70903430122	196.032165527344
1215.30001441945	197.967147827148
1217.89017947424	177.627975463867
1220.47952982544	189.925872802734
1223.06806583271	206.238510131836
1225.65578785548	206.795562744141
1228.24269625296	215.122970581055
1230.82879138418	234.339248657227
1233.41407360791	238.37028503418
1235.99854328277	233.653121948242
1238.58220076713	249.13591003418
1241.16504641916	285.026092529297
1243.7470805968	273.464416503906
1246.32830365783	268.013763427734
1248.90871595976	289.051940917969
1251.48831785993	292.353088378906
1254.06710971546	289.083770751953
1256.64509188325	294.473663330078
1259.22226472002	308.256134033203
1261.79862858224	302.116333007813
1264.3741838262	318.146850585938
1266.94893080798	335.206909179688
1269.52286988343	327.581756591797
1272.09600140822	315.482513427734
1274.66832573779	326.068359375
1277.23984322738	297.683807373047
1279.81055423201	289.736236572266
1282.38045910653	264.951507568359
1284.94955820553	261.6630859375
1287.51785188343	259.122680664063
1290.08534049443	262.108215332031
1292.65202439251	265.382537841797
1295.21790393147	291.471618652344
1297.78297946489	298.819854736328
1300.34725134614	311.508850097656
1302.91071992837	326.145874023438
1305.47338556455	314.560577392578
1308.03524860744	323.041961669922
1310.59630940958	329.612091064453
1313.1565683233	340.322875976563
1315.71602570074	334.315124511719
1318.27468189383	335.455444335938
1320.8325372543	333.321594238281
1323.38959213365	307.809906005859
1325.9458468832	285.564758300781
1328.50130185405	277.326995849609
1331.05595739712	290.644683837891
1333.60981386309	279.969696044922
1336.16287160245	272.509460449219
1338.71513096549	284.367614746094
1341.2665923023	288.299774169922
1343.81725596274	273.505950927734
1346.36712229651	284.078674316406
1348.91619165306	271.873596191406
1351.46446438166	260.427642822266
1354.01194083137	242.411178588867
1356.55862135106	225.505813598633
1359.10450628937	221.637359619141
1361.64959599477	224.479888916016
1364.19389081549	219.174224853516
1366.73739109958	209.986968994141
1369.2800971949	201.021850585938
1371.82200944907	193.064041137695
1374.36312820954	198.446838378906
1376.90345382354	193.851745605469
1379.4429866381	186.88623046875
1381.98172700006	177.765014648438
1384.51967525605	169.095581054688
1387.05683175249	169.485290527344
1389.5931968356	180.808212280273
1392.12877085143	173.538452148438
1394.66355414577	173.63151550293
1397.19754706426	174.850448608398
1399.73074995232	167.943283081055
1402.26316315517	176.521240234375
1404.79478701783	169.676834106445
1407.32562188511	160.169342041016
1409.85566810163	169.832122802734
1412.38492601182	177.057754516602
1414.91339595988	172.553604125977
1417.44107828984	162.301208496094
1419.96797334551	171.593154907227
1422.49408147051	180.136779785156
1425.01940300826	200.006271362305
1427.54393830198	209.105239868164
1430.06768769469	206.981857299805
1432.5906515292	244.228698730469
1435.11283014814	290.268035888672
1437.63422389394	303.803527832031
1440.1548331088	346.590728759766
1442.67465813477	397.237060546875
1445.19369931367	433.127746582031
1447.71195698711	441.921905517578
1450.22943149654	429.464202880859
1452.74612318319	422.79150390625
1455.2620323881	406.726043701172
1457.77715945208	397.771514892578
1460.2915047158	386.024353027344
1462.80506851968	347.876983642578
1465.31785120397	317.448028564453
1467.82985310873	302.685546875
1470.34107457379	292.204467773438
1472.85151593882	248.256561279297
1475.36117754326	217.449234008789
1477.87005972639	201.967697143555
1480.37816282725	200.760055541992
1482.88548718473	187.337478637695
1485.39203313749	155.329559326172
1487.897801024	135.639999389648
1490.40279118255	132.861389160156
1492.90700395122	126.393753051758
1495.41043966789	119.400024414063
1497.91309867027	113.361709594727
1500.41498129584	91.5824813842773
1502.9160878819	89.98828125
1505.41641876558	84.6976165771484
1507.91597428377	84.5253219604492
1510.41475477319	79.7010040283203
1512.91276057038	70.9431991577148
1515.40999201165	66.7481842041016
1517.90644943313	76.0270767211914
1520.40213317078	85.1058120727539
1522.89704356034	85.0732574462891
1525.39118093735	78.7220230102539
1527.88454563718	93.9631881713867
1530.37713799499	99.6782836914063
1532.86895834575	85.5931625366211
1535.36000702424	82.596794128418
1537.85028436504	103.378036499023
1540.33979070255	117.196128845215
1542.82852637097	115.228843688965
1545.31649170429	114.491004943848
1547.80368703634	126.967811584473
1550.29011270074	124.614814758301
1552.7757690309	126.172760009766
1555.26065636008	137.449020385742
1557.74477502131	154.739883422852
1560.22812534744	165.749114990234
1562.71070767114	163.84700012207
1565.19252232488	173.81884765625
1567.67356964093	176.657119750977
1570.15384995137	184.361892700195
1572.63336358811	197.473892211914
1575.11211088284	203.200454711914
1577.59009216708	234.882400512695
1580.06730777216	244.401214599609
1582.54375802919	239.053176879883
1585.01944326913	262.393798828125
1587.49436382272	283.163848876953
1589.96852002052	294.118896484375
1592.4419121929	288.784881591797
1594.91454067004	270.146942138672
1597.38640578194	247.819854736328
1599.85750785839	236.737075805664
1602.32784722899	243.157760620117
1604.79742422318	260.39306640625
1607.26623917019	273.857788085938
1609.73429239905	257.937133789063
1612.20158423862	251.919937133789
1614.66811501756	256.213653564453
1617.13388506436	276.529388427734
1619.59889470729	299.715270996094
1622.06314427446	292.975006103516
1624.52663409378	299.208648681641
1626.98936449296	307.101287841797
1629.45133579955	318.971466064453
1631.91254834088	309.297027587891
1634.37300244413	312.933471679688
1636.83269843625	336.551147460938
1639.29163664402	354.387145996094
1641.74981739406	357.778442382813
1644.20724101275	348.936157226563
1646.66390782633	369.249267578125
1649.11981816083	405.147369384766
1651.5749723421	449.482208251953
1654.02937069579	487.972351074219
1656.48301354738	494.840118408203
1658.93590122215	505.759429931641
1661.38803404522	521.641479492188
1663.83941234148	522.249267578125
1666.29003643568	505.449310302734
1668.73990665235	457.427032470703
1671.18902331585	410.093383789063
1673.63738675035	351.870513916016
1676.08499727984	321.128936767578
1678.53185522812	302.357482910156
1680.9779609188	281.408020019531
1683.42331467531	247.858306884766
1685.8679168209	217.012069702148
1688.31176767862	191.276657104492
1690.75486757135	180.4521484375
1693.19721682179	167.153289794922
1695.63881575244	171.083831787109
1698.07966468561	156.554824829102
1700.51976394346	134.736724853516
1702.95911384792	107.384994506836
1705.39771472077	102.33674621582
1707.8355668836	116.525245666504
1710.2726706578	109.743133544922
1712.7090263646	90.8422622680664
1715.14463432503	77.1559295654297
1717.57949485994	77.9508209228516
1720.01360829001	77.9454650878906
1722.4469749357	77.984260559082
1724.87959511734	62.2302169799805
1727.31146915503	59.5796241760254
1729.74259736872	60.0768928527832
1732.17298007816	61.0701751708984
1734.60261760291	76.2261810302734
1737.03151026238	65.7374725341797
1739.45965837577	62.433666229248
1741.8870622621	58.0703430175781
1744.31372224022	50.847469329834
1746.73963862879	53.9576606750488
1749.16481174629	55.1453590393066
1751.58924191102	53.6142578125
1754.0129294411	57.731029510498
1756.43587465446	50.2549171447754
1758.85807786886	40.6229858398438
1761.27953940187	44.6203880310059
1763.70025957089	45.2471466064453
1766.12023869314	40.8143615722656
1768.53947708563	33.6479530334473
1770.95797506523	33.7331237792969
1773.3757329486	32.3068885803223
1775.79275105224	30.9951610565186
1778.20902969247	35.2090950012207
1780.62456918539	27.2931079864502
1783.03936984699	22.0582962036133
1785.45343199301	33.7417297363281
1787.86675593906	35.5285453796387
1790.27934200055	33.8113784790039
1792.69119049271	39.4494705200195
1795.1023017306	44.70947265625
1797.51267602908	39.45068359375
1799.92231370288	37.1767654418945
1802.33121506648	31.1469802856445
1804.73938043424	25.2502365112305
1807.14681012032	25.8569011688232
1809.55350443869	29.589168548584
1811.95946370317	35.6915054321289
1814.36468822737	34.7861366271973
1816.76917832476	35.1174926757813
1819.17293430859	37.7892837524414
1821.57595649195	24.2681674957275
1823.97824518777	24.3504467010498
1826.37980070877	20.7435054779053
1828.78062336753	23.9103488922119
1831.18071347642	30.4102039337158
1833.58007134764	26.2393665313721
1835.97869729323	30.9385852813721
1838.37659162503	25.6078605651855
1840.77375465472	18.2101345062256
1843.1701866938	24.9083919525146
1845.5658880536	21.2692852020264
1847.96085904524	8.1224479675293
1850.35509997971	11.0716037750244
1852.7486111678	20.5167026519775
1855.14139292012	15.4207572937012
1857.53344554711	23.5022354125977
1859.92476935904	24.6204452514648
1862.315364666	27.9679431915283
1864.7052317779	31.2336330413818
1867.09437100448	31.5360202789307
1869.4827826553	19.1047439575195
1871.87046703975	15.0805397033691
1874.25742446706	22.1374797821045
1876.64365524624	39.1496467590332
1879.02915968616	38.5614700317383
1881.41393809553	24.7284984588623
1883.79799078284	14.2507486343384
1886.18131805644	27.8022861480713
1888.5639202245	35.501636505127
1890.945797595	31.415454864502
1893.32695047577	27.9511413574219
1895.70737917444	40.238338470459
1898.0870839985	40.921501159668
1900.46606525522	29.0376167297363
1902.84432325174	23.4978485107422
1905.22185829501	30.3873443603516
1907.59867069179	40.4839019775391
1909.9747607487	40.0319633483887
1912.35012877217	40.512996673584
1914.72477506844	44.7492218017578
1917.09869994361	41.4814071655273
1919.47190370359	36.4761848449707
1921.84438665411	33.4409713745117
1924.21614910074	39.8905601501465
1926.58719134887	32.3398361206055
1928.95751370374	40.8035278320313
1931.32711647038	42.3854064941406
1933.69599995367	47.2632026672363
1936.06416445833	44.088752746582
1938.43161028888	36.4324798583984
1940.79833774969	34.0424919128418
1943.16434714495	34.6373405456543
1945.52963877868	33.694751739502
1947.89421295473	33.3221855163574
1950.25806997678	37.0862693786621
1952.62121014832	41.9240608215332
1954.98363377271	36.9244194030762
1957.3453411531	33.3466606140137
1959.70633259249	31.6944255828857
1962.0666083937	19.9899768829346
1964.42616885939	24.8332633972168
1966.78501429204	39.5391654968262
1969.14314499396	49.1150360107422
1971.5005612673	35.3905220031738
1973.85726341403	32.6915626525879
1976.21325173595	44.8810882568359
1978.5685265347	46.7443084716797
1980.92308811174	34.6960334777832
1983.27693676837	29.9214496612549
1985.63007280571	40.0279426574707
1987.98249652473	43.6747856140137
1990.3342082262	44.0990219116211
1992.68520821074	40.1006278991699
1995.03549677882	32.0648040771484
1997.3850742307	35.6063690185547
1999.73394086649	44.6660652160645
2002.08209698616	44.6512641906738
2004.42954288946	33.45458984375
2006.77627887601	40.131591796875
2009.12230524525	45.8563385009766
2011.46762229644	49.3880805969238
2013.8122303287	41.7268486022949
2016.15612964095	40.3911209106445
2018.49932053197	58.284610748291
2020.84180330036	54.1776962280273
2023.18357824454	58.3592681884766
2025.52464566279	46.6293029785156
2027.86500585321	44.2026519775391
2030.20465911372	55.3014869689941
2032.54360574209	59.5999412536621
2034.88184603592	63.2535171508789
2037.21938029264	54.2140769958496
2039.55620880952	49.5075645446777
2041.89233188365	48.9080276489258
2044.22774981197	52.2710380554199
2046.56246289124	61.0410461425781
2048.89647141806	58.7143287658691
2051.22977568886	55.4094123840332
2053.56237599992	63.8448066711426
2055.89427264733	64.8797760009766
2058.22546592704	64.3772888183594
2060.5559561348	56.5484390258789
2062.88574356624	65.3747100830078
2065.21482851678	70.0079727172852
2067.5432112817	71.5889434814453
2069.87089215612	61.9954223632813
2072.19787143498	58.4310646057129
2074.52414941305	52.2181625366211
2076.84972638495	58.0862770080566
2079.17460264514	64.8095245361328
2081.4987784879	59.3767776489258
2083.82225420736	57.8361740112305
2086.14503009746	55.5766258239746
2088.46710645201	58.3610725402832
2090.78848356463	66.7228393554688
2093.10916172879	69.7656555175781
2095.42914123779	62.4747123718262
2097.74842238477	51.1388359069824
2100.06700546271	60.0321807861328
2102.38489076441	60.5102272033691
2104.70207858252	68.7063674926758
2107.01856920953	74.5168685913086
2109.33436293776	72.052848815918
2111.64946005936	64.4105758666992
2113.96386086634	61.8271141052246
2116.27756565053	70.4580154418945
2118.59057470358	68.8143920898438
2120.90288831703	66.0147552490234
2123.2145067822	68.3998336791992
2125.52543039029	60.288158416748
2127.83565943231	67.1686096191406
2130.14519419912	65.774528503418
2132.45403498141	61.2096061706543
2134.76218206973	69.9997940063477
2137.06963575445	70.0561676025391
2139.37639632577	65.252815246582
2141.68246407375	65.6489944458008
2143.98783928827	71.6113662719727
2146.29252225907	73.5806884765625
2148.5965132757	84.0606384277344
2150.89981262758	76.4734420776367
2153.20242060395	71.2598648071289
2155.50433749389	63.2532119750977
2157.80556358631	61.0756874084473
2160.10609917	66.3088302612305
2162.40594453354	73.3859176635742
2164.70509996538	63.673641204834
2167.00356575379	73.6645889282227
2169.3013421869	69.2994918823242
2171.59842955267	61.5820808410645
2173.89482813889	57.5678558349609
2176.19053823322	64.1865005493164
2178.48556012313	68.9046478271484
2180.77989409593	70.0223159790039
2183.0735404388	62.8617172241211
2185.36649943873	60.2783889770508
2187.65877138257	67.0427169799805
2189.950356557	76.7399215698242
2192.24125524855	70.6440048217773
2194.53146774358	64.2179641723633
2196.8209943283	63.6321754455566
2199.10983528875	64.6273727416992
2201.39799091083	68.6553955078125
2203.68546148027	73.39404296875
2205.97224728264	65.9840240478516
2208.25834860335	59.7809181213379
2210.54376572766	67.1328659057617
2212.82849894068	64.1657791137695
2215.11254852733	64.2278366088867
2217.3959147724	61.5264091491699
2219.67859796052	57.1133651733398
2221.96059837614	60.3664817810059
2224.24191630359	67.0672378540039
2226.52255202702	66.4119110107422
2228.80250583041	61.7968330383301
2231.08177799761	64.8738174438477
2233.36036881229	68.0465927124023
2235.63827855799	65.2373733520508
2237.91550751806	61.4794692993164
2240.19205597571	68.232177734375
2242.46792421401	63.4954566955566
2244.74311251584	62.3063735961914
2247.01762116394	50.909366607666
2249.2914504409	56.1266403198242
2251.56460062916	65.3952560424805
2253.83707201097	66.0114822387695
2256.10886486845	68.9642333984375
2258.37997948356	52.1016159057617
2260.65041613812	56.4644165039063
2262.92017511375	66.7674255371094
2265.18925669197	54.3291511535645
2267.4576611541	53.7866477966309
2269.72538878132	57.5473098754883
2271.99243985467	63.9592895507813
2274.25881465501	71.6596221923828
2276.52451346307	65.5075759887695
2278.78953655939	64.6179428100586
2281.05388422439	60.6759071350098
2283.31755673832	60.2481727600098
2285.58055438128	51.5309982299805
2287.8428774332	57.9206848144531
2290.10452617389	59.3616752624512
2292.36550088297	59.998420715332
2294.62580183992	63.1790504455566
2296.88542932407	54.1035957336426
2299.14438361458	51.0905456542969
2301.40266499048	72.6510162353516
2303.66027373064	68.9961395263672
2305.91721011376	47.3703193664551
2308.17347441839	38.1587600708008
2310.42906692295	52.5614624023438
2312.68398790568	58.5858459472656
2314.93823764468	52.6911468505859
2317.19181641789	47.5810623168945
2319.44472450311	58.1741371154785
2321.69696217797	62.3148002624512
2323.94852971996	51.5141525268555
2326.19942740641	55.6573753356934
2328.4496555145	60.9815406799316
2330.69921432126	50.8199462890625
2332.94810410355	56.0466575622559
2335.19632513812	59.0505981445313
2337.44387770152	56.124340057373
2339.69076207017	60.301212310791
2341.93697852034	55.3145408630371
2344.18252732816	53.0939636230469
2346.42740876956	60.2246780395508
2348.67162312038	46.4770317077637
2350.91517065627	47.6473236083984
2353.15805165273	65.5652084350586
2355.40026638514	57.2158317565918
2357.64181512868	49.8436546325684
2359.88269815841	45.6931228637695
2362.12291574924	51.8753433227539
2364.36246817593	46.9828910827637
2366.60135571307	55.0454330444336
2368.83957863512	53.0777626037598
2371.07713721636	36.6205940246582
2373.31403173097	47.0072898864746
2375.55026245293	54.2082138061523
2377.78582965609	49.7789344787598
2380.02073361416	54.4897804260254
2382.25497460068	58.1074485778809
2384.48855288905	53.3541603088379
2386.72146875252	47.6187858581543
2388.95372246419	48.5828323364258
2391.18531429702	50.4203414916992
2393.41624452379	49.697998046875
2395.64651341716	56.7306213378906
2397.87612124963	54.6811485290527
2400.10506829356	42.460693359375
2402.33335482115	42.224853515625
2404.56098110445	42.6624565124512
2406.78794741536	51.921688079834
2409.01425402565	46.7136535644531
2411.23990120692	41.5198097229004
2413.46488923062	45.6735153198242
2415.68921836807	52.6117897033691
2417.91288889044	50.2716979980469
2420.13590106872	45.4976425170898
2422.35825517379	42.2896347045898
2424.57995147637	40.0032577514648
2426.80099024703	49.6792106628418
2429.02137175617	41.028621673584
2431.24109627409	34.7181625366211
2433.4601640709	46.2293014526367
2435.67857541658	57.8583488464355
2437.89633058096	49.4497261047363
2440.11342983373	42.0478858947754
2442.32987344441	38.4009742736816
2444.5456616824	38.6929588317871
2446.76079481694	33.8065338134766
2448.97527311713	46.7676239013672
2451.1890968519	49.1626739501953
2453.40226629007	34.490406036377
2455.61478170027	41.2323417663574
2457.82664335103	35.3291893005371
2460.0378515107	30.9290981292725
2462.24840644749	40.4172897338867
2464.45830842948	41.7270393371582
2466.66755772458	38.1657905578613
2468.87615460057	35.1298446655273
2471.08409932508	39.8154678344727
2473.29139216559	44.6486129760742
2475.49803338944	47.2218437194824
2477.70402326382	44.3351783752441
2479.90936205578	37.0108299255371
2482.11405003221	28.3599166870117
2484.31808745988	37.3972396850586
2486.52147460539	44.0005874633789
2488.7242117352	37.8032989501953
2490.92629911565	38.7794036865234
2493.1277370129	37.5400619506836
2495.32852569297	39.1000862121582
2497.52866542176	35.6075820922852
2499.72815646501	34.181095123291
2501.92699908831	42.5391502380371
2504.12519355711	49.9261627197266
2506.32274013671	46.4754905700684
2508.51963909229	40.2019348144531
2510.71589068886	43.4425506591797
2512.91149519128	44.0972938537598
2515.10645286429	42.2143478393555
2517.30076397249	37.271484375
2519.49442878029	28.0020351409912
2521.68744755202	25.3615322113037
2523.87982055182	39.2240791320801
2526.07154804369	45.1896591186523
2528.26263029152	48.2027359008789
2530.45306755902	41.9188194274902
2532.64286010977	43.0675659179688
2534.83200820721	34.2601013183594
2537.02051211463	37.7260360717773
2539.20837209519	41.6727714538574
2541.3955884119	41.3817901611328
2543.58216132762	39.5938339233398
2545.76809110507	37.1903953552246
2547.95337800684	29.1492366790771
2550.13802229536	36.1888771057129
2552.32202423292	42.9019088745117
2554.50538408169	46.5401802062988
2556.68810210368	40.0999984741211
2558.87017856074	37.3776588439941
2561.05161371461	36.5435066223145
2563.23240782688	36.5012512207031
2565.41256115899	38.9805488586426
2567.59207397224	41.3035926818848
2569.77094652778	40.2148208618164
2571.94917908665	41.562427520752
2574.1267719097	43.261157989502
2576.30372525769	48.3592300415039
2578.48003939121	46.7676849365234
2580.6557145707	45.1087951660156
2582.83075105649	40.0788383483887
2585.00514910874	34.944465637207
2587.17890898749	33.7797698974609
2589.35203095261	43.5328941345215
2591.52451526387	47.0680084228516
2593.69636218087	45.3135528564453
2595.86757196308	40.7584037780762
2598.03814486983	34.0790672302246
2600.2080811603	36.1175537109375
2602.37738109354	39.5701446533203
2604.54604492847	43.3997993469238
2606.71407292383	44.9176445007324
2608.88146533828	40.9829063415527
2611.04822243028	31.0067272186279
2613.2143444582	41.0224342346191
2615.37983168023	46.6114883422852
2617.54468435445	48.9331474304199
2619.70890273878	46.1430130004883
2621.87248709102	50.566967010498
2624.03543766881	47.9160957336426
2626.19775472968	45.6941566467285
2628.35943853098	38.6640739440918
2630.52048932996	43.136962890625
2632.68090738371	43.3276786804199
2634.84069294918	42.8287773132324
2636.99984628319	44.729133605957
2639.15836764243	47.5176429748535
2641.31625728342	50.3869094848633
2643.47351546258	39.5776710510254
2645.63014243616	49.3232765197754
2647.7861384603	49.5014381408691
2649.94150379098	50.6270484924316
2652.09623868404	44.5815582275391
2654.2503433952	47.8019638061523
2656.40381818004	50.8735198974609
2658.55666329398	59.4850540161133
2660.70887899234	57.5254974365234
2662.86046553026	59.6096229553223
2665.01142316277	50.3522758483887
2667.16175214476	37.190486907959
2669.31145273097	55.0427665710449
2671.46052517602	57.0868797302246
2673.60896973438	45.6709938049316
2675.75678666038	51.8840065002441
2677.90397620824	64.7999420166016
2680.05053863201	62.100341796875
2682.19647418561	50.9110832214355
2684.34178312285	48.6581192016602
2686.48646569736	50.0710639953613
2688.63052216267	52.6943702697754
2690.77395277217	53.4280319213867
2692.91675777909	56.2720375061035
2695.05893743654	57.3078765869141
2697.2004919975	59.5207405090332
2699.34142171481	56.0254287719727
2701.48172684115	62.1219635009766
2703.6214076291	57.791805267334
2705.76046433108	59.5201225280762
2707.8988971994	64.0884323120117
2710.03670648621	71.6189422607422
2712.17389244352	75.9375686645508
2714.31045532323	77.8628158569336
2716.44639537709	77.6502838134766
2718.58171285672	76.1999130249023
2720.71640801359	72.8932418823242
2722.85048109905	84.2450485229492
2724.98393236433	90.8738555908203
2727.11676206048	88.5611419677734
2729.24897043846	91.1921081542969
2731.38055774907	85.9408111572266
2733.51152424299	82.1924438476563
2735.64187017075	74.5840225219727
2737.77159578276	78.6488952636719
2739.90070132929	74.7277984619141
2742.02918706047	61.1244583129883
2744.15705322631	70.9499435424805
2746.28430007667	74.1314315795898
2748.4109278613	68.0973052978516
2750.53693682978	54.2809371948242
2752.66232723158	53.940315246582
2754.78709931605	63.1618576049805
2756.91125333237	62.8270454406738
2759.03478952961	61.2766494750977
2761.15770815671	59.1106224060059
2763.28000946246	54.2919578552246
2765.40169369554	49.450267791748
2767.52276110447	49.7485160827637
2769.64321193765	57.6904220581055
2771.76304644335	63.5722579956055
2773.88226486972	69.7644195556641
2776.00086746473	66.1743011474609
2778.11885447628	55.5092811584473
2780.23622615208	54.9952926635742
2782.35298273975	48.8212738037109
2784.46912448676	45.3501472473145
2786.58465164044	63.8708038330078
2788.69956444801	66.768424987793
2790.81386315654	58.4281959533691
2792.92754801298	54.0575141906738
2795.04061926412	62.9156761169434
2797.15307715666	69.2693023681641
2799.26492193713	58.6221084594727
2801.37615385197	61.9444732666016
2803.48677314744	63.1178817749023
2805.5967800697	78.0534133911133
2807.70617486478	75.2474212646484
2809.81495777856	71.9961318969727
2811.9231290568	82.0588455200195
2814.03068894513	73.9059219360352
2816.13763768905	80.526252746582
2818.24397553392	90.9012756347656
2820.34970272498	101.079208374023
2822.45481950733	109.567428588867
2824.55932612594	113.73999786377
2826.66322282567	137.378402709961
2828.76650985121	147.364120483398
2830.86918744715	145.630477905273
2832.97125585794	159.458969116211
2835.0727153279	200.019989013672
2837.17356610123	210.076416015625
2839.27380842199	226.435745239258
2841.37344253409	263.312774658203
2843.47246868136	327.670440673828
2845.57088710745	381.649444580078
2847.66869805592	455.220184326172
2849.76590177016	530.69384765625
2851.86249849346	598.203674316406
2853.95848846898	618.379272460938
2856.05387193974	618.020751953125
2858.14864914863	624.150268554688
2860.24282033842	637.323364257813
2862.33638575174	636.506713867188
2864.4293456311	627.385620117188
2866.52170021888	618.16357421875
2868.61344975732	635.31103515625
2870.70459448855	662.613220214844
2872.79513465455	714.544128417969
2874.8850704972	751.296447753906
2876.97440225822	773.307250976563
2879.06313017921	775.057739257813
2881.15125450166	793.281616210938
2883.23877546692	809.260009765625
2885.3256933162	826.400634765625
2887.4120082906	844.755249023438
2889.49772063108	823.871887207031
2891.58283057849	848.9580078125
2893.66733837352	845.895202636719
2895.75124425675	856.498046875
2897.83454846866	873.026123046875
2899.91725124955	875.812438964844
2901.99935283963	889.690612792969
2904.08085347896	888.723327636719
2906.1617534075	834.625671386719
2908.24205286505	840.230773925781
2910.32175209131	879.620178222656
2912.40085132584	881.416076660156
2914.47935080807	919.655639648438
2916.55725077732	939.397888183594
2918.63455147275	958.502380371094
2920.71125313344	966.554077148438
2922.7873559983	974.997436523438
2924.86286030613	1011.67694091797
2926.93776629561	1057.23718261719
2929.0120742053	1061.21850585938
2931.0857842736	1059.22143554688
2933.15889673883	1090.06042480469
2935.23141183914	1106.291015625
2937.30332981258	1075.86889648438
2939.37465089706	1077.89782714844
2941.44537533039	1065.62194824219
2943.51550335022	1021.66387939453
2945.58503519409	956.164123535156
2947.65397109943	909.470886230469
2949.72231130351	901.991577148438
2951.7900560435	824.889099121094
2953.85720555644	771.978393554688
2955.92376007925	763.466735839844
2957.9897198487	791.102294921875
2960.05508510147	765.492614746094
2962.11985607408	744.674560546875
2964.18403300295	746.633361816406
2966.24761612437	722.420837402344
2968.3106056745	650.333312988281
2970.37300188938	702.815307617188
2972.43480500492	666.325988769531
2974.4960152569	622.428405761719
2976.556632881	615.581787109375
2978.61665811275	576.771179199219
2980.67609118757	575.9375
2982.73493234074	579.310302734375
2984.79318180744	550.037719726563
2986.8508398227	515.62353515625
2988.90790662146	493.556549072266
2990.96438243849	479.829345703125
2993.02026750847	431.486419677734
2995.07556206595	418.520355224609
2997.13026634535	441.005218505859
2999.18438058097	439.415069580078
3001.23790500699	411.6240234375
3003.29083985746	397.639343261719
3005.34318536631	394.550170898438
3007.39494176734	420.826721191406
3009.44610929424	423.028167724609
3011.49668818057	435.595428466797
3013.54667865977	440.821014404297
3015.59608096514	438.608551025391
3017.64489532989	447.610076904297
3019.69312198707	444.566131591797
3021.74076116964	399.032379150391
3023.78781311041	384.268096923828
3025.8342780421	363.443511962891
3027.88015619727	343.307006835938
3029.92544780837	332.947265625
3031.97015310775	330.816131591797
3034.01427232762	337.661956787109
3036.05780570006	340.484558105469
3038.10075345705	359.898773193359
3040.14311583042	344.438018798828
3042.1848930519	335.094818115234
3044.22608535308	343.587707519531
3046.26669296546	368.811706542969
3048.30671612039	364.827331542969
3050.3461550491	349.623565673828
3052.3850099827	343.283020019531
3054.4232811522	372.2451171875
3056.46096878846	394.250793457031
3058.49807312224	395.003631591797
3060.53459438416	385.577728271484
3062.57053280473	388.395294189453
3064.60588861434	399.745239257813
3066.64066204326	415.849761962891
3068.67485332163	417.894134521484
3070.70846267948	430.478210449219
3072.74149034671	431.316802978516
3074.7739365531	411.850860595703
3076.80580152832	420.839447021484
3078.83708550191	436.427093505859
3080.86778870329	428.695159912109
3082.89791136177	431.340087890625
3084.92745370652	411.176635742188
3086.95641596661	412.264038085938
3088.98479837097	443.728302001953
3091.01260114844	463.339660644531
3093.03982452771	464.120452880859
3095.06646873737	452.203918457031
3097.09253400586	454.17529296875
3099.11802056155	448.575347900391
3101.14292863265	478.174407958984
3103.16725844726	498.335479736328
3105.19101023337	504.93994140625
3107.21418421884	501.106414794922
3109.23678063142	488.694091796875
3111.25879969873	510.717895507813
3113.28024164829	541.525817871094
3115.30110670747	575.480895996094
3117.32139510355	583.079467773438
3119.34110706367	575.758483886719
3121.36024281487	595.858764648438
3123.37880258406	608.646850585938
3125.39678659804	624.196960449219
3127.41419508347	631.91650390625
3129.43102826693	656.153442382813
3131.44728637483	657.370971679688
3133.46296963351	655.305908203125
3135.47807826917	660.584411621094
3137.49261250789	680.64697265625
3139.50657257563	705.497497558594
3141.51995869824	713.480224609375
3143.53277110146	728.858459472656
3145.54501001089	769.450317382813
3147.55667565202	776.352233886719
3149.56776825024	769.245910644531
3151.5782880308	804.316223144531
3153.58823521884	797.65966796875
3155.59761003939	770.401977539063
3157.60641271735	809.654479980469
3159.61464347751	792.313293457031
3161.62230254454	836.482421875
3163.62939014299	867.776245117188
3165.63590649731	834.23193359375
3167.64185183181	846.034973144531
3169.64722637069	912.599853515625
3171.65203033805	898.504333496094
3173.65626395785	892.548645019531
3175.65992745394	907.310424804688
3177.66302105006	924.697143554688
3179.66554496983	922.942016601563
3181.66749943675	918.678588867188
3183.66888467421	946.806579589844
3185.66970090547	991.340942382813
3187.6699483537	974.896667480469
3189.66962724193	988.747436523438
3191.66873779308	1020.53796386719
3193.66728022996	1014.17938232422
3195.66525477525	1062.2197265625
3197.66266165154	1082.51818847656
3199.65950108127	1077.90466308594
3201.65577328679	1019.81597900391
3203.65147849034	1014.01507568359
3205.646616914	1050.576171875
3207.64118877979	1115.09899902344
3209.63519430958	1133.79870605469
3211.62863372515	1113.90478515625
3213.62150724812	1139.71337890625
3215.61381510005	1136.23229980469
3217.60555750235	1149.77209472656
3219.59673467632	1116.09252929688
3221.58734684315	1115.25622558594
3223.57739422392	1135.79309082031
3225.56687703959	1104.90661621094
3227.55579551099	1085.04870605469
3229.54414985887	1098.98962402344
3231.53194030382	1159.958984375
3233.51916706637	1187.26843261719
3235.50583036689	1196.154296875
3237.49193042565	1208.18737792969
3239.47746746281	1199.05639648438
3241.46244169841	1213.78356933594
3243.44685335239	1222.68005371094
3245.43070264455	1213.30151367188
3247.4139897946	1176.64013671875
3249.39671502213	1163.111328125
3251.3788785466	1158.12939453125
3253.36048058739	1175.08728027344
3255.34152136372	1223.58483886719
3257.32200109474	1220.80700683594
3259.30191999947	1153.79870605469
3261.2812782968	1229.67810058594
3263.26007620554	1270.89721679688
3265.23831394435	1190.39672851563
3267.2159917318	1180.98400878906
3269.19310978635	1244.71850585938
3271.16966832633	1303.04418945313
3273.14566756997	1280.49499511719
3275.12110773538	1221.84094238281
3277.09598904056	1206.29699707031
3279.07031170339	1181.02575683594
3281.04407594166	1147.36108398438
3283.01728197302	1209.77673339844
3284.98993001502	1276.15063476563
3286.96202028509	1232.56787109375
3288.93355300057	1215.12084960938
3290.90452837865	1212.48022460938
3292.87494663645	1182.37182617188
3294.84480799094	1201.52172851563
3296.81411265901	1178.751953125
3298.78286085741	1196.51440429688
3300.75105280279	1226.00903320313
3302.71868871169	1255.443359375
3304.68576880055	1258.654296875
3306.65229328567	1275.94567871094
3308.61826238325	1250.68762207031
3310.58367630939	1216.71765136719
3312.54853528007	1181.87976074219
3314.51283951115	1184.07763671875
3316.47658921839	1218.13391113281
3318.43978461745	1237.20385742188
3320.40242592384	1238.17614746094
3322.364513353	1223.310546875
3324.32604712023	1230.39953613281
3326.28702744073	1188.86486816406
3328.24745452961	1208.92175292969
3330.20732860182	1262.7958984375
3332.16664987225	1268.98767089844
3334.12541855565	1209.3154296875
3336.08363486666	1208.07141113281
3338.04129901982	1248.78942871094
3339.99841122955	1291.05444335938
3341.95497171018	1293.56274414063
3343.91098067589	1269.49951171875
3345.86643834079	1305.92785644531
3347.82134491886	1310.451171875
3349.77570062398	1256.48828125
3351.7295056699	1275.6650390625
3353.68276027027	1313.12951660156
3355.63546463865	1278.36328125
3357.58761898846	1239.1513671875
3359.53922353302	1295.85693359375
3361.49027848556	1321.06494140625
3363.44078405916	1371.28662109375
3365.39074046683	1355.28515625
3367.34014792145	1325.23046875
3369.2890066358	1341.45629882813
3371.23731682253	1284.19201660156
3373.18507869421	1292.14135742188
3375.13229246328	1344.92663574219
3377.07895834208	1320.92541503906
3379.02507654284	1325.39733886719
3380.97064727767	1278.28308105469
3382.91567075858	1264.75268554688
3384.86014719748	1281.24328613281
3386.80407680616	1283.96606445313
3388.7474597963	1241.14697265625
3390.69029637947	1271.33044433594
3392.63258676714	1243.86840820313
3394.57433117068	1239.26440429688
3396.51552980132	1323.17395019531
3398.4561828702	1322.64538574219
3400.39629058836	1253.72668457031
3402.33585316673	1258.25134277344
3404.27487081611	1290.79711914063
3406.21334374721	1265.51208496094
3408.15127217064	1219.3369140625
3410.08865629688	1245.79028320313
3412.02549633631	1279.33142089844
3413.96179249922	1311.44909667969
3415.89754499577	1329.07666015625
3417.832754036	1353.16235351563
3419.76741982989	1376.34692382813
3421.70154258727	1313.98205566406
3423.63512251788	1270.44201660156
3425.56815983135	1232.97497558594
3427.50065473719	1209.22509765625
3429.43260744483	1210.37780761719
3431.36401816356	1264.12927246094
3433.29488710259	1281.4501953125
3435.22521447102	1251.43640136719
3437.15500047782	1228.67309570313
3439.08424533188	1293.3681640625
3441.01294924196	1301.68420410156
3442.94111241673	1235.86560058594
3444.86873506474	1161.36450195313
3446.79581739446	1183.66943359375
3448.72235961422	1271.72521972656
3450.64836193226	1256.84619140625
3452.57382455672	1209.58483886719
3454.4987476956	1206.09997558594
3456.42313155685	1187.16931152344
3458.34697634825	1199.689453125
3460.27028227754	1232.48986816406
3462.19304955228	1235.00756835938
3464.11527838	1206.7685546875
3466.03696896807	1183.23193359375
3467.95812152377	1120.21997070313
3469.87873625428	1079.55517578125
3471.79881336667	1078.88159179688
3473.71835306789	1122.24401855469
3475.63735556482	1135.87182617188
3477.5558210642	1165.57250976563
3479.47374977267	1112.37561035156
3481.39114189679	1038.68872070313
3483.30799764298	1009.88195800781
3485.22431721758	1070.96301269531
3487.14010082681	1092.43542480469
3489.05534867678	1088.39562988281
3490.97006097353	1032.369140625
3492.88423792295	1007.24536132813
3494.79787973085	979.209167480469
3496.71098660292	958.201354980469
3498.62355874477	921.910888671875
3500.53559636189	924.359924316406
3502.44709965965	929.726257324219
3504.35806884334	928.017395019531
3506.26850411813	911.888671875
3508.1784056891	856.277221679688
3510.08777376121	859.842407226563
3511.99660853933	839.798950195313
3513.9049102282	833.05419921875
3515.81267903249	826.063781738281
3517.71991515675	855.598022460938
3519.62661880542	838.427429199219
3521.53279018283	816.151916503906
3523.43842949324	752.704711914063
3525.34353694076	711.345092773438
3527.24811272943	743.347351074219
3529.15215706318	776.10009765625
3531.05567014582	754.607299804688
3532.95865218107	695.790893554688
3534.86110337256	667.817810058594
3536.76302392378	672.561950683594
3538.66441403814	700.530700683594
3540.56527391896	695.3427734375
3542.46560376942	647.342468261719
3544.36540379263	643.096435546875
3546.26467419157	600.901000976563
3548.16341516915	557.578430175781
3550.06162692814	573.180480957031
3551.95930967123	614.225769042969
3553.85646360101	602.76611328125
3555.75308891994	613.979187011719
3557.64918583041	589.072509765625
3559.54475453469	568.846008300781
3561.43979523495	552.877624511719
3563.33430813326	560.263488769531
3565.22829343157	553.866638183594
3567.12175133176	521.4091796875
3569.01468203558	494.939453125
3570.90708574469	468.490661621094
3572.79896266065	482.533203125
3574.6903129849	459.448486328125
3576.5811369188	457.988464355469
3578.4714346636	461.401275634766
3580.36120642044	452.046112060547
3582.25045239037	437.519287109375
3584.13917277433	454.365264892578
3586.02736777315	426.195190429688
3587.91503758759	417.668273925781
3589.80218241827	396.784637451172
3591.68880246574	389.647674560547
3593.57489793042	399.591064453125
3595.46046901265	380.992370605469
3597.34551591265	353.970153808594
3599.23003883056	348.976318359375
3601.11403796641	332.218231201172
3602.99751352012	324.540374755859
3604.88046569152	320.631530761719
3606.76289468033	286.04736328125
3608.64480068617	285.380462646484
3610.52618390856	311.389984130859
3612.40704454694	287.287139892578
3614.28738280061	260.149658203125
3616.1671988688	274.114624023438
3618.04649295063	295.204162597656
3619.9252652451	259.744323730469
3621.80351595115	239.794219970703
3623.68124526759	244.546615600586
3625.55845339313	256.690216064453
3627.43514052639	231.647415161133
3629.31130686588	218.706954956055
3631.18695261002	204.172607421875
3633.06207795712	192.792556762695
3634.93668310541	167.825988769531
3636.81076825298	151.480331420898
3638.68433359786	163.570404052734
3640.55737933796	152.09992980957
3642.4299056711	139.739242553711
3644.30191279499	136.914276123047
3646.17340090724	118.488006591797
3648.04437020536	98.1641387939453
3649.91482088678	116.83895111084
3651.78475314881	100.697616577148
3653.65416718867	89.754997253418
3655.52306320347	88.5517883300781
3657.39144139022	85.8509521484375
3659.25930194585	85.6969604492188
3661.12664506718	59.0305328369141
3662.99347095091	39.3257484436035
3664.85977979368	25.7974262237549
3666.725571792	18.4159088134766
3668.5908471423	11.5886430740356
3670.45560604089	17.1674385070801
3672.319848684	17.0634479522705
