-135.265781677808	-780.937927246094
-132.236709759276	-780.578063964844
-129.208653760716	-780.914733886719
-126.181613199586	-780.118713378906
-123.155587593635	-780.26904296875
-120.130576460916	-780.056640625
-117.106579319789	-779.849792480469
-114.083595688923	-780.01025390625
-111.061625087294	-779.347534179688
-108.040667034172	-779.512756347656
-105.020721049135	-779.147399902344
-102.001786652066	-778.965148925781
-98.9838633631476	-778.634033203125
-95.9669507028802	-778.986145019531
-92.9510481920504	-778.337158203125
-89.9361553517448	-778.509643554688
-86.9222717033693	-778.200927734375
-83.9093967686252	-777.81884765625
-80.8975300695124	-777.712097167969
-77.8866711283294	-777.637268066406
-74.8768194676892	-777.041748046875
-71.8679746104908	-776.872985839844
-68.8601360799475	-776.413696289063
-65.8533033995658	-776.308715820313
-62.8474760931499	-775.729125976563
-59.8426536848132	-775.293273925781
-56.8388356989659	-775.224914550781
-53.8360216603152	-775.293762207031
-50.8342110938685	-774.411010742188
-47.8334035249377	-773.777282714844
-44.8335984791267	-772.797241210938
-41.834795482347	-770.204345703125
-38.8369940607979	-768.649963378906
-35.8401937409818	-767.601379394531
-32.8443940497084	-766.860900878906
-29.8495945140702	-765.705139160156
-26.8557946614661	-763.568115234375
-23.8629940195937	-761.844543457031
-20.8711921164406	-758.843872070313
-17.8803884803003	-752.796081542969
-14.8905826397601	-744.06982421875
-11.9017741236966	-714.013610839844
-8.9139624612918	-546.114440917969
-5.92714718202052	754.811950683594
-2.94132781565444	6378.693359375
0.0434961077382248	10626.4765625
3.02732505780103	9119.9130859375
6.01015950386537	3164.89526367188
8.99199991499091	-228.732727050781
11.9728467599297	-696.333679199219
14.9527005071342	-747.374450683594
17.9315616247742	-758.052490234375
20.909430580716	-761.275695800781
23.8863078425397	-764.211730957031
26.8621938775227	-765.692993164063
29.8370891526562	-765.867492675781
32.8109941346455	-765.62646484375
35.783909289882	-765.970092773438
38.7558350844837	-765.964111328125
41.7267719842672	-765.615234375
44.6967204547641	-765.77197265625
47.665680961197	-764.493591308594
50.6336539685201	-763.240661621094
53.600639941379	-760.730224609375
56.5666393441393	-751.870239257813
59.5316526408625	-718.614501953125
62.4956802953306	-607.996215820313
65.4587227710298	-325.245391845703
68.4207805311594	172.012893676758
71.3818540386274	784.581237792969
74.3419437560472	1354.65051269531
77.3010501457494	1879.04296875
80.2591736697664	2177.37036132813
83.2163147898564	2226.78466796875
86.1724739674758	2274.17309570313
89.1276516637912	2299.23364257813
92.0818483396878	2270.53857421875
95.0350644557615	2100.50854492188
97.9873004723194	1938.07836914063
100.938556849376	1828.4580078125
103.888834046664	1651.14135742188
106.83813252363	1582.64123535156
109.786452739426	1556.91174316406
112.733795152917	1461.01208496094
115.680160222699	1390.73828125
118.625548407052	1400.93896484375
121.569960163999	1373.16040039063
124.513395951254	1310.29699707031
127.45585622626	1248.08569335938
130.397341446169	1204.52673339844
133.337852067845	1180.7646484375
136.277388547871	1149.04943847656
139.215951342542	1122.45349121094
142.153540907874	1096.19384765625
145.090157699595	1047.53381347656
148.025802173138	1016.1640625
150.960474783674	959.78857421875
153.89417598607	944.351440429688
156.826906234926	915.619018554688
159.758665984545	888.186889648438
162.689455688947	870.729248046875
165.619275801883	882.726379394531
168.548126776814	910.95458984375
171.476009066906	872.630981445313
174.402923125057	770.005554199219
177.328869403886	727.459899902344
180.253848355719	673.20458984375
183.177860432609	649.811950683594
186.100906086319	630.064819335938
189.022985768336	645.246154785156
191.944099929863	641.796691894531
194.864249021832	644.861328125
197.783433494883	610.321411132813
200.701653799384	584.742797851563
203.618910385413	580.355834960938
206.535203702774	542.634216308594
209.450534200994	500.0185546875
212.364902329318	482.666900634766
215.278308536712	457.296295166016
218.190753271859	476.827880859375
221.102236983173	481.215454101563
224.012760118779	459.268402099609
226.922323126528	406.486511230469
229.830926453993	376.297546386719
232.738570548467	352.418640136719
235.645255856972	335.020690917969
238.550982826246	339.557739257813
241.455751902746	336.398284912109
244.359563532666	313.693572998047
247.262418161907	300.233032226563
250.164316236108	275.233795166016
253.06525820062	263.024871826172
255.965244500518	237.783737182617
258.864275580614	216.589508056641
261.762351885427	225.205230712891
264.659473859216	205.97966003418
267.555641945957	183.050872802734
270.45085658935	181.076858520508
273.345118232815	164.228561401367
276.238427319512	159.078414916992
279.130784292319	146.429061889648
282.022189593831	129.675170898438
284.912643666385	120.77734375
287.802146952034	133.995391845703
290.690699892558	126.414855957031
293.578302929465	103.200218200684
296.464956503989	108.877784729004
299.350661057098	99.8258514404297
302.235417029471	88.5049209594727
305.119224861536	83.6386871337891
308.002084993427	111.595588684082
310.88399786502	126.276916503906
313.76496391592	166.880035400391
316.644983585446	253.187866210938
319.524057312657	429.088562011719
322.402185536344	636.036010742188
325.27936869502	682.865783691406
328.155607226924	547.485778808594
331.030901570028	365.481536865234
333.90525216204	221.905639648438
336.778659440391	143.317321777344
339.651123842242	91.9073638916016
342.52264580448	73.9784164428711
345.393225763731	67.8462448120117
348.262864156352	80.4121551513672
351.131561418424	85.9590606689453
353.999317985763	74.5132827758789
356.866134293912	56.3774147033691
359.732010778147	61.4593963623047
362.596947873477	57.1012992858887
365.460946014648	51.8952407836914
368.324005636133	59.0254211425781
371.186127172134	50.6793365478516
374.047311056585	48.8274040222168
376.907557723163	52.6570930480957
379.766867605264	39.7374954223633
382.62524113603	33.341625213623
385.482678748326	51.8543510437012
388.339180874756	52.9960823059082
391.194747947659	47.5990371704102
394.049380399102	53.7191467285156
396.903078660893	57.0110130310059
399.755843164565	53.0305404663086
402.607674341392	32.6527481079102
405.458572622387	38.1835403442383
408.308538438289	58.1525230407715
411.157572219577	67.7241821289063
414.005674396461	65.0465316772461
416.852845398891	63.3465270996094
419.699085656558	69.897216796875
422.544395598872	66.2446517944336
425.388775654992	59.3427658081055
428.232226253813	49.4547157287598
431.074747823968	62.0278778076172
433.916340793817	82.2979965209961
436.75700559146	81.032600402832
439.596742644748	54.7251052856445
442.435552381246	53.952278137207
445.273435228277	44.4367179870605
448.110391612888	49.0895881652832
450.946421961873	48.8944206237793
453.781526701766	49.9532318115234
456.615706258824	62.7495422363281
459.448961059057	67.1945495605469
462.281291528209	62.627067565918
465.112698091761	62.6227378845215
467.943181174944	78.0466918945313
470.772741202705	70.4581451416016
473.60137859976	70.32421875
476.429093790544	59.0856819152832
479.255887199234	65.6372680664063
482.081759249756	55.5973739624023
484.90671036577	62.5055236816406
487.730740970679	80.8551025390625
490.553851487622	89.0474243164063
493.376042339492	80.1581726074219
496.197313948902	64.9011459350586
499.017666738225	55.3651237487793
501.837101129568	76.7508163452148
504.65561754478	72.1437149047852
507.47321640545	72.3398895263672
510.289898132913	92.4380035400391
513.105663148248	84.8986206054688
515.920511872273	84.3137893676758
518.734444725542	86.6243286132813
521.547462128367	89.7118148803711
524.359564500792	80.1288681030273
527.170752262605	74.9741821289063
529.981025833341	69.1227493286133
532.790385632282	62.166690826416
535.598832078445	63.4415016174316
538.406365590597	72.216926574707
541.212986587249	74.7758560180664
544.018695486652	69.3617401123047
546.823492706806	83.68505859375
549.627378665461	76.0155715942383
552.4303537801	66.2743453979492
555.232418467959	65.6455383300781
558.033573146012	88.0699920654297
560.833818230998	93.7647857666016
563.633154139377	83.8022766113281
566.431581287368	93.1495742797852
569.229100090937	100.819862365723
572.02571096579	107.668357849121
574.821414327391	93.1983871459961
577.616210590935	78.4395217895508
580.410100171381	85.9575881958008
583.20308348342	89.9170150756836
585.995160941501	95.5974426269531
588.78633295981	90.9560852050781
591.576599952298	86.1376800537109
594.365962332643	88.4843368530273
597.15442051429	98.351318359375
599.941974910419	86.8307113647461
602.728625933962	87.1856918334961
605.514373997606	78.90966796875
608.29921951378	87.8250198364258
611.083162894665	93.9580459594727
613.866204552186	99.7561187744141
616.648344898032	85.410026550293
619.429584343623	62.6500244140625
622.209923300141	57.0550804138184
624.989362178515	54.6054229736328
627.767901389424	70.2484359741211
630.545541343297	83.112419128418
633.322282450312	62.779613494873
636.098125120403	56.1776008605957
638.873069763254	78.1682510375977
641.647116788295	90.9061965942383
644.420266604709	80.1841506958008
647.192519621431	72.8179321289063
649.963876247161	72.2680435180664
652.734336890324	90.6529235839844
655.503901959122	91.4791488647461
658.272571861497	72.6348648071289
661.040347005142	78.0740203857422
663.807227797514	79.3229293823242
666.573214645815	102.730278015137
669.338307956992	107.625007629395
672.102508137759	107.066314697266
674.865815594584	106.86344909668
677.628230733677	103.332138061523
680.389753961008	96.5908737182617
683.150385682309	99.1461639404297
685.910126303044	108.422386169434
688.668976228461	102.896537780762
691.426935863537	101.598152160645
694.184005613023	121.818946838379
696.940185881406	111.500793457031
699.695477072946	101.903541564941
702.449879591645	106.140159606934
705.203393841273	116.104270935059
707.95602022534	121.795860290527
710.707759147133	117.221549987793
713.458611009669	118.453651428223
716.208576215747	122.883659362793
718.957655167903	131.722045898438
721.70584826844	145.685943603516
724.453155919412	154.775344848633
727.199578522641	149.957382202148
729.945116479687	142.284637451172
732.68977019189	131.645309448242
735.433540060329	119.243316650391
738.17642648585	125.657615661621
740.918429869054	130.342132568359
743.659550610303	142.908737182617
746.399789109712	155.433090209961
749.139145767159	157.050003051758
751.877620982282	169.262832641602
754.615215154471	182.525497436523
757.351928682878	169.081405639648
760.087761966425	149.779235839844
762.822715403774	141.454528808594
765.556789393358	140.952682495117
768.289984333375	139.148696899414
771.022300621766	132.134643554688
773.753738656249	131.213180541992
776.48429883429	131.344818115234
779.21398155313	130.897994995117
781.942787209755	136.451644897461
784.670716200913	149.137329101563
787.397768923129	143.145874023438
790.123945772673	142.687774658203
792.849247145583	135.355163574219
795.573673437659	125.24006652832
798.297225044459	122.493919372559
801.019902361304	123.728462219238
803.741705783282	127.798980712891
806.462635705236	143.909454345703
809.182692521782	139.395385742188
811.90187662728	136.269927978516
814.620188415871	144.470581054688
817.337628281454	159.855880737305
820.054196617687	154.327163696289
822.769893817995	138.062057495117
825.484720275562	142.869781494141
828.198676383347	143.513473510742
830.911762534055	155.410873413086
833.623979120171	168.242950439453
836.335326533941	162.89453125
839.045805167365	157.237365722656
841.755415412218	145.939163208008
844.464157660043	145.924301147461
847.172032302133	154.074340820313
849.879039729564	174.935348510742
852.585180333157	175.717849731445
855.290454503521	166.395492553711
857.994862631014	169.218307495117
860.698405105765	168.258666992188
863.401082317674	162.378387451172
866.102894656396	167.301147460938
868.803842511364	185.000686645508
871.503926271772	184.213775634766
874.203146326576	186.650955200195
876.901503064509	182.591857910156
879.598996874061	182.559494018555
882.295628143503	191.971618652344
884.991397260856	173.528869628906
887.686304613922	180.211547851563
890.380350590262	185.769653320313
893.073535577214	180.953125
895.765859961879	180.689682006836
898.457324131118	178.502243041992
901.147928471578	180.288940429688
903.837673369658	173.260208129883
906.526559211541	166.067428588867
909.214586383162	181.727005004883
911.901755270245	184.288299560547
914.588066258262	183.376281738281
917.273519732471	190.142318725586
919.958116077894	186.231079101563
922.641855679315	202.800521850586
925.324738921306	205.238754272461
928.006766188195	220.739868164063
930.687937864078	225.649291992188
933.368254332836	209.450500488281
936.047715978107	217.811340332031
938.726323183309	218.600173950195
941.404076331622	208.093322753906
944.080975806004	201.402633666992
946.75702198919	218.942581176758
949.432215263668	211.969772338867
952.106556011714	203.089416503906
954.780044615375	200.505477905273
957.452681456458	210.079818725586
960.124466916555	223.022918701172
962.795401377023	213.966384887695
965.465485219	210.785247802734
968.134718823383	211.755798339844
970.803102570853	200.608200073242
973.470636841861	208.645233154297
976.137322016633	239.583938598633
978.803158475164	245.279556274414
981.468146597227	222.264984130859
984.132286762362	206.823165893555
986.795579349894	202.842208862305
989.458024738913	200.624771118164
992.119623308283	183.058959960938
994.780375436653	181.730361938477
997.440281502432	190.888961791992
1000.09934188381	221.679458618164
1002.75755695877	246.075561523438
1005.41492710503	294.037780761719
1008.07145270011	305.099029541016
1010.72713412132	276.844818115234
1013.38197174571	252.465942382813
1016.03596595012	226.390060424805
1018.68911711118	218.103958129883
1021.34142560529	204.910278320313
1023.9928918086	222.322189331055
1026.64351609708	214.96467590332
1029.29329884644	207.561431884766
1031.94224043219	224.572982788086
1034.5903412296	255.236221313477
1037.23760161373	294.034576416016
1039.88402195942	308.047149658203
1042.52960264127	286.096130371094
1045.17434403366	248.990844726563
1047.81824651077	220.234573364258
1050.46131044653	211.465454101563
1053.10353621468	199.558471679688
1055.7449241887	196.987319946289
1058.38547474188	210.969116210938
1061.02518824727	221.21435546875
1063.66406507771	232.124389648438
1066.30210560581	229.409713745117
1068.93931020397	234.215103149414
1071.57567924436	238.843078613281
1074.21121309892	262.464813232422
1076.8459121394	260.415802001953
1079.4797767373	246.314453125
1082.11280726391	260.243011474609
1084.74500409031	253.918533325195
1087.37636758734	254.156845092773
1090.00689812565	253.490829467773
1092.63659607563	267.871185302734
1095.26546180749	264.396545410156
1097.8934956912	245.395843505859
1100.5206980965	262.329681396484
1103.14706939295	253.428192138672
1105.77260994985	251.395462036133
1108.39732013631	239.487991333008
1111.02120032121	224.093933105469
1113.6442508732	217.719909667969
1116.26647216074	219.661926269531
1118.88786455205	209.867385864258
1121.50842841514	216.934936523438
1124.1281641178	223.700119018555
1126.74707202761	235.037902832031
1129.36515251191	260.382568359375
1131.98240593787	269.214294433594
1134.59883267239	246.737106323242
1137.21443308217	215.944381713867
1139.82920753373	200.842697143555
1142.44315639332	186.826782226563
1145.056280027	162.811126708984
1147.66857880063	144.447006225586
1150.28005307981	143.826614379883
1152.89070322996	163.160339355469
1155.50052961627	178.231216430664
1158.10953260374	194.341751098633
1160.7177125571	191.455856323242
1163.32506984093	175.813613891602
1165.93160481954	176.030151367188
1168.53731785706	161.937713623047
1171.14220931739	167.812622070313
1173.74627956421	181.523300170898
1176.34952896102	178.188140869141
1178.95195787107	181.090042114258
1181.55356665739	189.735610961914
1184.15435568284	183.986679077148
1186.75432531002	163.639266967773
1189.35347590135	166.068405151367
1191.95180781901	179.481307983398
1194.54932142499	171.749694824219
1197.14601708104	174.383422851563
1199.74189514873	197.510787963867
1202.33695598941	211.092300415039
1204.93119996418	211.858276367188
1207.52462743397	215.091567993164
1210.11723875949	229.611221313477
1212.70903430122	226.703491210938
1215.30001441945	243.555770874023
1217.89017947424	229.914916992188
1220.47952982544	227.859680175781
1223.06806583271	238.311370849609
1225.65578785548	234.697341918945
1228.24269625296	255.294097900391
1230.82879138418	270.703521728516
1233.41407360791	291.415771484375
1235.99854328277	286.078918457031
1238.58220076713	284.919830322266
1241.16504641916	315.283966064453
1243.7470805968	326.049652099609
1246.32830365783	319.206939697266
1248.90871595976	329.824951171875
1251.48831785993	335.535247802734
1254.06710971546	337.897033691406
1256.64509188325	345.880706787109
1259.22226472002	367.404052734375
1261.79862858224	374.338714599609
1264.3741838262	374.161773681641
1266.94893080798	369.136291503906
1269.52286988343	373.4267578125
1272.09600140822	372.526611328125
1274.66832573779	390.889770507813
1277.23984322738	348.924194335938
1279.81055423201	320.208740234375
1282.38045910653	301.881622314453
1284.94955820553	293.830993652344
1287.51785188343	309.280517578125
1290.08534049443	313.920989990234
1292.65202439251	320.272094726563
1295.21790393147	346.333953857422
1297.78297946489	344.455200195313
1300.34725134614	350.8857421875
1302.91071992837	375.744079589844
1305.47338556455	362.747314453125
1308.03524860744	365.777008056641
1310.59630940958	383.273956298828
1313.1565683233	390.2841796875
1315.71602570074	403.883392333984
1318.27468189383	399.653747558594
1320.8325372543	393.552642822266
1323.38959213365	357.135803222656
1325.9458468832	342.804595947266
1328.50130185405	315.302520751953
1331.05595739712	313.405853271484
1333.60981386309	309.989532470703
1336.16287160245	315.153411865234
1338.71513096549	312.462158203125
1341.2665923023	320.178924560547
1343.81725596274	324.125
1346.36712229651	330.995483398438
1348.91619165306	319.843078613281
1351.46446438166	317.861846923828
1354.01194083137	297.084716796875
1356.55862135106	257.241882324219
1359.10450628937	247.175476074219
1361.64959599477	247.813110351563
1364.19389081549	261.503540039063
1366.73739109958	254.371688842773
1369.2800971949	237.022842407227
1371.82200944907	216.016159057617
1374.36312820954	221.325424194336
1376.90345382354	230.345321655273
1379.4429866381	223.312652587891
1381.98172700006	205.049850463867
1384.51967525605	181.010848999023
1387.05683175249	179.603469848633
1389.5931968356	197.847534179688
1392.12877085143	208.131134033203
1394.66355414577	203.16813659668
1397.19754706426	198.994689941406
1399.73074995232	198.620697021484
1402.26316315517	197.648101806641
1404.79478701783	198.96174621582
1407.32562188511	190.163650512695
1409.85566810163	189.895217895508
1412.38492601182	188.047973632813
1414.91339595988	193.486953735352
1417.44107828984	187.906280517578
1419.96797334551	195.842102050781
1422.49408147051	206.659606933594
1425.01940300826	229.003494262695
1427.54393830198	245.847457885742
1430.06768769469	248.178344726563
1432.5906515292	274.147399902344
1435.11283014814	336.346832275391
1437.63422389394	360.973937988281
1440.1548331088	399.936614990234
1442.67465813477	435.353302001953
1445.19369931367	475.566192626953
1447.71195698711	507.558654785156
1450.22943149654	500.656463623047
1452.74612318319	477.862884521484
1455.2620323881	458.246978759766
1457.77715945208	449.071868896484
1460.2915047158	443.541595458984
1462.80506851968	411.991607666016
1465.31785120397	361.849517822266
1467.82985310873	328.799682617188
1470.34107457379	325.802490234375
1472.85151593882	303.259246826172
1475.36117754326	250.558135986328
1477.87005972639	226.922882080078
1480.37816282725	224.057418823242
1482.88548718473	209.323532104492
1485.39203313749	177.688369750977
1487.897801024	156.915084838867
1490.40279118255	156.812881469727
1492.90700395122	144.723861694336
1495.41043966789	130.700637817383
1497.91309867027	120.447212219238
1500.41498129584	109.937217712402
1502.9160878819	103.328544616699
1505.41641876558	89.8646469116211
1507.91597428377	88.5849685668945
1510.41475477319	90.0224151611328
1512.91276057038	73.6572265625
1515.40999201165	73.4170761108398
1517.90644943313	86.8808670043945
1520.40213317078	98.7098007202148
1522.89704356034	105.861106872559
1525.39118093735	98.0946655273438
1527.88454563718	95.7097854614258
1530.37713799499	100.706520080566
1532.86895834575	95.2098083496094
1535.36000702424	88.4499359130859
1537.85028436504	109.097991943359
1540.33979070255	125.415954589844
1542.82852637097	125.576026916504
1545.31649170429	120.173606872559
1547.80368703634	136.413711547852
1550.29011270074	145.430130004883
1552.7757690309	143.762313842773
1555.26065636008	149.890563964844
1557.74477502131	157.525344848633
1560.22812534744	180.739074707031
1562.71070767114	182.150161743164
1565.19252232488	189.370407104492
1567.67356964093	193.288024902344
1570.15384995137	199.38981628418
1572.63336358811	213.649475097656
1575.11211088284	218.685424804688
1577.59009216708	236.609497070313
1580.06730777216	268.540161132813
1582.54375802919	274.148376464844
1585.01944326913	271.328979492188
1587.49436382272	287.318695068359
1589.96852002052	298.436706542969
1592.4419121929	300.722412109375
1594.91454067004	287.794250488281
1597.38640578194	275.040435791016
1599.85750785839	262.483917236328
1602.32784722899	259.9931640625
1604.79742422318	270.446411132813
1607.26623917019	283.531219482422
1609.73429239905	273.434997558594
1612.20158423862	266.259857177734
1614.66811501756	266.117553710938
1617.13388506436	284.751434326172
1619.59889470729	304.187927246094
1622.06314427446	308.940185546875
1624.52663409378	315.337097167969
1626.98936449296	326.674713134766
1629.45133579955	325.946502685547
1631.91254834088	320.955047607422
1634.37300244413	327.272796630859
1636.83269843625	347.5048828125
1639.29163664402	362.164581298828
1641.74981739406	376.955749511719
1644.20724101275	381.792877197266
1646.66390782633	388.564208984375
1649.11981816083	417.105163574219
1651.5749723421	468.0341796875
1654.02937069579	525.318420410156
1656.48301354738	536.543334960938
1658.93590122215	539.458923339844
1661.38803404522	563.223205566406
1663.83941234148	557.605712890625
1666.29003643568	539.409362792969
1668.73990665235	476.199615478516
1671.18902331585	432.845092773438
1673.63738675035	375.918090820313
1676.08499727984	347.490966796875
1678.53185522812	322.419036865234
1680.9779609188	293.662841796875
1683.42331467531	267.959075927734
1685.8679168209	240.367141723633
1688.31176767862	209.27507019043
1690.75486757135	186.307907104492
1693.19721682179	164.584030151367
1695.63881575244	175.702178955078
1698.07966468561	158.928756713867
1700.51976394346	145.54997253418
1702.95911384792	122.417785644531
1705.39771472077	107.101280212402
1707.8355668836	113.883323669434
1710.2726706578	115.691558837891
1712.7090263646	101.440490722656
1715.14463432503	79.5182418823242
1717.57949485994	75.8063888549805
1720.01360829001	67.6141510009766
1722.4469749357	84.4941711425781
1724.87959511734	77.3905029296875
1727.31146915503	63.385383605957
1729.74259736872	66.5413131713867
1732.17298007816	60.8747634887695
1734.60261760291	67.6488571166992
1737.03151026238	70.5708236694336
1739.45965837577	73.7229461669922
1741.8870622621	64.5689926147461
1744.31372224022	56.6714820861816
1746.73963862879	57.622501373291
1749.16481174629	66.4878692626953
1751.58924191102	65.445198059082
1754.0129294411	64.0076293945313
1756.43587465446	57.7475395202637
1758.85807786886	43.4215202331543
1761.27953940187	49.8650970458984
1763.70025957089	48.5486335754395
1766.12023869314	39.9228172302246
1768.53947708563	34.6356506347656
1770.95797506523	35.6838493347168
1773.3757329486	38.9884872436523
1775.79275105224	36.6942596435547
1778.20902969247	37.0446128845215
1780.62456918539	37.5790061950684
1783.03936984699	20.7777099609375
1785.45343199301	28.5551891326904
1787.86675593906	29.529878616333
1790.27934200055	38.8859558105469
1792.69119049271	36.8931884765625
1795.1023017306	44.6041946411133
1797.51267602908	55.2130432128906
1799.92231370288	42.3546257019043
1802.33121506648	40.334831237793
1804.73938043424	30.4530067443848
1807.14681012032	30.9328479766846
1809.55350443869	33.5440940856934
1811.95946370317	35.4051399230957
1814.36468822737	40.1015319824219
1816.76917832476	41.235221862793
1819.17293430859	42.8950462341309
1821.57595649195	28.7421779632568
1823.97824518777	29.6483287811279
1826.37980070877	21.6463623046875
1828.78062336753	22.8613414764404
1831.18071347642	32.1155738830566
1833.58007134764	32.7643547058105
1835.97869729323	28.7254180908203
1838.37659162503	31.8902359008789
1840.77375465472	15.9660310745239
1843.1701866938	19.5218811035156
1845.5658880536	26.3340816497803
1847.96085904524	23.1987361907959
1850.35509997971	18.7572383880615
1852.7486111678	17.9865779876709
1855.14139292012	21.0808353424072
1857.53344554711	20.4577693939209
1859.92476935904	22.7160663604736
1862.315364666	30.8293933868408
1864.7052317779	37.6069869995117
1867.09437100448	32.6146125793457
1869.4827826553	27.0759658813477
1871.87046703975	25.5765533447266
1874.25742446706	24.9848175048828
1876.64365524624	37.4849548339844
1879.02915968616	42.6131553649902
1881.41393809553	38.0240097045898
1883.79799078284	21.7076511383057
1886.18131805644	24.2002601623535
1888.5639202245	29.5873870849609
1890.945797595	34.2439880371094
1893.32695047577	34.4661483764648
1895.70737917444	44.918327331543
1898.0870839985	46.7353973388672
1900.46606525522	38.9732551574707
1902.84432325174	29.003662109375
1905.22185829501	26.4679870605469
1907.59867069179	43.0439300537109
1909.9747607487	51.1130332946777
1912.35012877217	46.2805519104004
1914.72477506844	39.5136299133301
1917.09869994361	35.634593963623
1919.47190370359	40.1566123962402
1921.84438665411	39.1849479675293
1924.21614910074	38.7623558044434
1926.58719134887	34.5335884094238
1928.95751370374	43.7354736328125
1931.32711647038	37.0456352233887
1933.69599995367	48.5200119018555
1936.06416445833	49.6454200744629
1938.43161028888	35.9218711853027
1940.79833774969	28.7835826873779
1943.16434714495	31.9871349334717
1945.52963877868	47.0390853881836
1947.89421295473	43.7881164550781
1950.25806997678	35.6421241760254
1952.62121014832	44.3215026855469
1954.98363377271	42.9019203186035
1957.3453411531	32.8011360168457
1959.70633259249	41.5224304199219
1962.0666083937	25.7598724365234
1964.42616885939	18.4312419891357
1966.78501429204	34.9279747009277
1969.14314499396	43.7599601745605
1971.5005612673	35.696891784668
1973.85726341403	26.6400947570801
1976.21325173595	29.1751136779785
1978.5685265347	52.4302215576172
1980.92308811174	48.2595863342285
1983.27693676837	33.2761688232422
1985.63007280571	34.6805839538574
1987.98249652473	41.7995986938477
1990.3342082262	40.1683158874512
1992.68520821074	37.8853988647461
1995.03549677882	31.6153411865234
1997.3850742307	35.6475715637207
1999.73394086649	44.2650413513184
2002.08209698616	45.4479751586914
2004.42954288946	36.5647964477539
2006.77627887601	47.0299797058105
2009.12230524525	38.9290504455566
2011.46762229644	49.0350494384766
2013.8122303287	52.5946502685547
2016.15612964095	44.3743171691895
2018.49932053197	47.4234085083008
2020.84180330036	55.287956237793
2023.18357824454	59.5436058044434
2025.52464566279	58.6147079467773
2027.86500585321	46.5769348144531
2030.20465911372	42.5322494506836
2032.54360574209	51.2174797058105
2034.88184603592	57.1655349731445
2037.21938029264	58.5803489685059
2039.55620880952	50.6066589355469
2041.89233188365	45.0109100341797
2044.22774981197	49.5990180969238
2046.56246289124	61.7427024841309
2048.89647141806	64.3334045410156
2051.22977568886	54.7658805847168
2053.56237599992	48.1387634277344
2055.89427264733	65.5211868286133
2058.22546592704	70.6532440185547
2060.5559561348	59.4987525939941
2062.88574356624	59.9820556640625
2065.21482851678	68.5899963378906
2067.5432112817	66.4870452880859
2069.87089215612	58.8771591186523
2072.19787143498	60.2668952941895
2074.52414941305	52.7352180480957
2076.84972638495	52.4531707763672
2079.17460264514	63.894458770752
2081.4987784879	65.3155975341797
2083.82225420736	59.2561111450195
2086.14503009746	47.0383644104004
2088.46710645201	45.6491737365723
2090.78848356463	56.3846130371094
2093.10916172879	67.4683380126953
2095.42914123779	71.4464416503906
2097.74842238477	65.1807327270508
2100.06700546271	60.8817329406738
2102.38489076441	61.950756072998
2104.70207858252	56.0325736999512
2107.01856920953	58.2652969360352
2109.33436293776	75.0239410400391
2111.64946005936	71.3874664306641
2113.96386086634	56.30322265625
2116.27756565053	61.836986541748
2118.59057470358	73.1105041503906
2120.90288831703	66.9559860229492
2123.2145067822	69.4622268676758
2125.52543039029	56.7115097045898
2127.83565943231	67.2037963867188
2130.14519419912	64.5048751831055
2132.45403498141	61.0161018371582
2134.76218206973	70.6979370117188
2137.06963575445	76.1129379272461
2139.37639632577	58.4946098327637
2141.68246407375	54.477855682373
2143.98783928827	66.5264434814453
2146.29252225907	64.5877990722656
2148.5965132757	89.9974060058594
2150.89981262758	81.0908126831055
2153.20242060395	75.223258972168
2155.50433749389	61.0329208374023
2157.80556358631	54.9671440124512
2160.10609917	55.7167320251465
2162.40594453354	65.1435012817383
2164.70509996538	69.5764465332031
2167.00356575379	68.7490768432617
2169.3013421869	67.1778411865234
2171.59842955267	64.6752700805664
2173.89482813889	65.8564529418945
2176.19053823322	71.9385299682617
2178.48556012313	73.0859222412109
2180.77989409593	65.5552673339844
2183.0735404388	54.5109939575195
2185.36649943873	54.486011505127
2187.65877138257	59.8421630859375
2189.950356557	73.5564041137695
2192.24125524855	76.5201950073242
2194.53146774358	70.9473648071289
2196.8209943283	68.0977554321289
2199.10983528875	67.9319076538086
2201.39799091083	65.3905792236328
2203.68546148027	64.9014434814453
2205.97224728264	65.2473526000977
2208.25834860335	56.0928192138672
2210.54376572766	69.6088562011719
2212.82849894068	65.5520629882813
2215.11254852733	55.4158630371094
2217.3959147724	57.4765434265137
2219.67859796052	58.2867698669434
2221.96059837614	52.5833511352539
2224.24191630359	66.6294555664063
2226.52255202702	64.1619415283203
2228.80250583041	63.1774711608887
2231.08177799761	65.1815948486328
2233.36036881229	67.4779815673828
2235.63827855799	57.2705917358398
2237.91550751806	67.1526336669922
2240.19205597571	76.5572204589844
2242.46792421401	72.5994644165039
2244.74311251584	63.5359649658203
2247.01762116394	53.2680168151855
2249.2914504409	56.3877449035645
2251.56460062916	66.4773483276367
2253.83707201097	68.3427963256836
2256.10886486845	69.5728759765625
2258.37997948356	56.6050834655762
2260.65041613812	47.7749481201172
2262.92017511375	64.4136123657227
2265.18925669197	64.2688751220703
2267.4576611541	59.0183563232422
2269.72538878132	59.1269836425781
2271.99243985467	55.333797454834
2274.25881465501	52.4479827880859
2276.52451346307	62.134033203125
2278.78953655939	67.0761260986328
2281.05388422439	69.0308837890625
2283.31755673832	62.2120819091797
2285.58055438128	54.4454040527344
2287.8428774332	61.6617546081543
2290.10452617389	57.759162902832
2292.36550088297	62.4876251220703
2294.62580183992	69.7418746948242
2296.88542932407	59.7817687988281
2299.14438361458	42.4790382385254
2301.40266499048	54.3106498718262
2303.66027373064	69.2535781860352
2305.91721011376	57.3571472167969
2308.17347441839	44.5654335021973
2310.42906692295	48.7896385192871
2312.68398790568	49.6777648925781
2314.93823764468	43.7166900634766
2317.19181641789	48.3109855651855
2319.44472450311	53.0330238342285
2321.69696217797	50.8663597106934
2323.94852971996	48.2945442199707
2326.19942740641	58.7057189941406
2328.4496555145	58.5703048706055
2330.69921432126	53.8882713317871
2332.94810410355	54.2714958190918
2335.19632513812	52.1607322692871
2337.44387770152	61.0263748168945
2339.69076207017	61.5296363830566
2341.93697852034	57.423770904541
2344.18252732816	49.2778701782227
2346.42740876956	48.3616790771484
2348.67162312038	43.9251747131348
2350.91517065627	49.3368034362793
2353.15805165273	58.8991584777832
2355.40026638514	60.2175216674805
2357.64181512868	59.7590026855469
2359.88269815841	57.6518821716309
2362.12291574924	53.4652404785156
2364.36246817593	51.3800010681152
2366.60135571307	55.6889266967773
2368.83957863512	51.2373924255371
2371.07713721636	36.1207962036133
2373.31403173097	40.8819274902344
2375.55026245293	60.2970542907715
2377.78582965609	57.7510795593262
2380.02073361416	55.2538566589355
2382.25497460068	51.6705207824707
2384.48855288905	50.6458015441895
2386.72146875252	47.1994361877441
2388.95372246419	43.6406288146973
2391.18531429702	52.2128105163574
2393.41624452379	50.3107147216797
2395.64651341716	60.6876029968262
2397.87612124963	62.5507507324219
2400.10506829356	48.9363098144531
2402.33335482115	41.9660263061523
2404.56098110445	37.028003692627
2406.78794741536	56.4084548950195
2409.01425402565	58.2554168701172
2411.23990120692	50.091869354248
2413.46488923062	45.9869499206543
2415.68921836807	48.2498245239258
2417.91288889044	50.2226066589355
2420.13590106872	43.4250450134277
2422.35825517379	35.3571090698242
2424.57995147637	34.3346138000488
2426.80099024703	52.215015411377
2429.02137175617	55.0421409606934
2431.24109627409	38.4870796203613
2433.4601640709	38.4160270690918
2435.67857541658	48.5022468566895
2437.89633058096	51.6075668334961
2440.11342983373	55.9951553344727
2442.32987344441	44.7571067810059
2444.5456616824	35.4263076782227
2446.76079481694	40.769229888916
2448.97527311713	44.532543182373
2451.1890968519	45.6340484619141
2453.40226629007	36.346752166748
2455.61478170027	40.3351249694824
2457.82664335103	44.1879806518555
2460.0378515107	26.7507095336914
2462.24840644749	33.6450500488281
2464.45830842948	48.2360763549805
2466.66755772458	51.6620025634766
2468.87615460057	45.4162063598633
2471.08409932508	34.8605537414551
2473.29139216559	36.475284576416
2475.49803338944	39.2801551818848
2477.70402326382	50.775146484375
2479.90936205578	44.8944816589355
2482.11405003221	35.1381454467773
2484.31808745988	36.4337959289551
2486.52147460539	46.8537635803223
2488.7242117352	41.1809577941895
2490.92629911565	33.7114219665527
2493.1277370129	41.3991203308105
2495.32852569297	46.0400886535645
2497.52866542176	41.7922172546387
2499.72815646501	38.5173645019531
2501.92699908831	35.0641975402832
2504.12519355711	41.5445442199707
2506.32274013671	44.9419860839844
2508.51963909229	42.7005958557129
2510.71589068886	42.7249526977539
2512.91149519128	53.2617988586426
2515.10645286429	53.3703193664551
2517.30076397249	47.1754951477051
2519.49442878029	36.5589447021484
2521.68744755202	32.2640571594238
2523.87982055182	42.9158668518066
2526.07154804369	41.0866889953613
2528.26263029152	45.3818359375
2530.45306755902	38.511791229248
2532.64286010977	41.2002639770508
2534.83200820721	43.6643447875977
2537.02051211463	41.6737823486328
2539.20837209519	41.2351417541504
2541.3955884119	43.6115837097168
2543.58216132762	38.697826385498
2545.76809110507	44.5860061645508
2547.95337800684	32.3550415039063
2550.13802229536	34.8996925354004
2552.32202423292	42.390983581543
2554.50538408169	52.7368087768555
2556.68810210368	46.7003593444824
2558.87017856074	40.5776405334473
2561.05161371461	36.8226432800293
2563.23240782688	40.6919059753418
2565.41256115899	44.6196556091309
2567.59207397224	46.625617980957
2569.77094652778	47.3742790222168
2571.94917908665	39.8195686340332
2574.1267719097	40.9154586791992
2576.30372525769	50.1619148254395
2578.48003939121	54.0260581970215
2580.6557145707	53.1855201721191
2582.83075105649	42.8179206848145
2585.00514910874	41.1535530090332
2587.17890898749	35.9226150512695
2589.35203095261	35.9672660827637
2591.52451526387	44.2414283752441
2593.69636218087	54.3240699768066
2595.86757196308	48.3335723876953
2598.03814486983	43.1252326965332
2600.2080811603	39.3898239135742
2602.37738109354	39.8510246276855
2604.54604492847	44.9496231079102
2606.71407292383	48.9619522094727
2608.88146533828	44.8945617675781
2611.04822243028	39.0698356628418
2613.2143444582	41.471321105957
2615.37983168023	46.5167846679688
2617.54468435445	53.59765625
2619.70890273878	58.3027534484863
2621.87248709102	60.8228950500488
2624.03543766881	54.0067329406738
2626.19775472968	51.4924163818359
2628.35943853098	43.707592010498
2630.52048932996	39.6128044128418
2632.68090738371	55.8527336120605
2634.84069294918	60.9767684936523
2636.99984628319	50.9486961364746
2639.15836764243	49.8968200683594
2641.31625728342	55.5678596496582
2643.47351546258	54.2315292358398
2645.63014243616	61.0095329284668
2647.7861384603	63.510440826416
2649.94150379098	49.5533180236816
2652.09623868404	48.1480293273926
2654.2503433952	55.1564292907715
2656.40381818004	60.8811340332031
2658.55666329398	67.2958374023438
2660.70887899234	64.0123596191406
2662.86046553026	68.5702056884766
2665.01142316277	61.6601295471191
2667.16175214476	48.7755737304688
2669.31145273097	53.4231033325195
2671.46052517602	65.6224594116211
2673.60896973438	48.2289123535156
2675.75678666038	43.8477058410645
2677.90397620824	58.0380554199219
2680.05053863201	67.5959930419922
2682.19647418561	72.057746887207
2684.34178312285	66.268684387207
2686.48646569736	61.9557647705078
2688.63052216267	63.987419128418
2690.77395277217	58.8866882324219
2692.91675777909	60.4397163391113
2695.05893743654	62.4787788391113
2697.2004919975	66.6749038696289
2699.34142171481	66.2320404052734
2701.48172684115	76.2719192504883
2703.6214076291	68.4162063598633
2705.76046433108	61.7405891418457
2707.8988971994	77.5707015991211
2710.03670648621	80.8934173583984
2712.17389244352	84.4060897827148
2714.31045532323	94.9212036132813
2716.44639537709	87.9420471191406
2718.58171285672	82.5179748535156
2720.71640801359	83.7509536743164
2722.85048109905	87.9041366577148
2724.98393236433	95.8262100219727
2727.11676206048	98.2605895996094
2729.24897043846	104.371765136719
2731.38055774907	91.488655090332
2733.51152424299	90.0718002319336
2735.64187017075	89.2067108154297
2737.77159578276	96.3736572265625
2739.90070132929	84.4279098510742
2742.02918706047	65.5405120849609
2744.15705322631	75.0601501464844
2746.28430007667	77.9868087768555
2748.4109278613	82.0935287475586
2750.53693682978	68.7980651855469
2752.66232723158	63.3273811340332
2754.78709931605	69.0597915649414
2756.91125333237	67.1597442626953
2759.03478952961	75.3180389404297
2761.15770815671	73.6859741210938
2763.28000946246	63.9411735534668
2765.40169369554	62.1034202575684
2767.52276110447	64.5081939697266
2769.64321193765	70.0008926391602
2771.76304644335	72.5453567504883
2773.88226486972	68.5856323242188
2776.00086746473	73.131591796875
2778.11885447628	77.8477249145508
2780.23622615208	68.0761260986328
2782.35298273975	62.3891716003418
2784.46912448676	56.2013053894043
2786.58465164044	69.6638717651367
2788.69956444801	76.5147857666016
2790.81386315654	70.5358581542969
2792.92754801298	64.3093185424805
2795.04061926412	73.4196166992188
2797.15307715666	76.4631958007813
2799.26492193713	70.3216705322266
2801.37615385197	68.8963394165039
2803.48677314744	65.6148452758789
2805.5967800697	79.5462417602539
2807.70617486478	85.496467590332
2809.81495777856	83.7319641113281
2811.9231290568	88.3612899780273
2814.03068894513	84.529167175293
2816.13763768905	92.3671722412109
2818.24397553392	107.66480255127
2820.34970272498	110.356224060059
2822.45481950733	122.533576965332
2824.55932612594	126.913970947266
2826.66322282567	139.872360229492
2828.76650985121	152.487716674805
2830.86918744715	155.06266784668
2832.97125585794	168.097213745117
2835.0727153279	198.676910400391
2837.17356610123	215.828002929688
2839.27380842199	235.958450317383
2841.37344253409	273.759002685547
2843.47246868136	341.012512207031
2845.57088710745	416.409881591797
2847.66869805592	493.707611083984
2849.76590177016	561.892578125
2851.86249849346	622.694885253906
2853.95848846898	636.937255859375
2856.05387193974	633.829895019531
2858.14864914863	624.734680175781
2860.24282033842	636.82275390625
2862.33638575174	636.554626464844
2864.4293456311	662.245971679688
2866.52170021888	649.212829589844
2868.61344975732	650.79052734375
2870.70459448855	665.544860839844
2872.79513465455	723.74560546875
2874.8850704972	772.340148925781
2876.97440225822	774.486328125
2879.06313017921	801.276306152344
2881.15125450166	831.131103515625
2883.23877546692	836.030944824219
2885.3256933162	825.538330078125
2887.4120082906	839.110534667969
2889.49772063108	820.04052734375
2891.58283057849	858.561462402344
2893.66733837352	881.601135253906
2895.75124425675	872.041198730469
2897.83454846866	884.381591796875
2899.91725124955	877.582824707031
2901.99935283963	890.302856445313
2904.08085347896	893.541625976563
2906.1617534075	870.996398925781
2908.24205286505	847.206848144531
2910.32175209131	865.96240234375
2912.40085132584	888.53271484375
2914.47935080807	906.167785644531
2916.55725077732	955.308471679688
2918.63455147275	962.59619140625
2920.71125313344	980.764404296875
2922.7873559983	1014.86279296875
2924.86286030613	1040.1572265625
2926.93776629561	1065.33239746094
2929.0120742053	1045.0263671875
2931.0857842736	1044.48229980469
2933.15889673883	1103.75964355469
2935.23141183914	1141.84533691406
2937.30332981258	1090.0087890625
2939.37465089706	1073.02001953125
2941.44537533039	1061.04333496094
2943.51550335022	1029.67749023438
2945.58503519409	982.836975097656
2947.65397109943	906.403137207031
2949.72231130351	907.975036621094
2951.7900560435	847.901245117188
2953.85720555644	788.556640625
2955.92376007925	764.927917480469
2957.9897198487	772.245788574219
2960.05508510147	762.726989746094
2962.11985607408	737.661010742188
2964.18403300295	754.245422363281
2966.24761612437	727.078796386719
2968.3106056745	621.332214355469
2970.37300188938	665.656860351563
2972.43480500492	665.276550292969
2974.4960152569	628.118957519531
2976.556632881	621.539245605469
2978.61665811275	586.576843261719
2980.67609118757	559.014770507813
2982.73493234074	559.20166015625
2984.79318180744	554.584777832031
2986.8508398227	510.716888427734
2988.90790662146	481.841400146484
2990.96438243849	470.596374511719
2993.02026750847	429.935852050781
2995.07556206595	416.438751220703
2997.13026634535	421.920806884766
2999.18438058097	431.030151367188
3001.23790500699	422.894958496094
3003.29083985746	390.117309570313
3005.34318536631	374.489837646484
3007.39494176734	406.736328125
3009.44610929424	417.879821777344
3011.49668818057	423.943267822266
3013.54667865977	421.344421386719
3015.59608096514	413.882659912109
3017.64489532989	413.117218017578
3019.69312198707	411.324371337891
3021.74076116964	380.990966796875
3023.78781311041	367.057800292969
3025.8342780421	364.353820800781
3027.88015619727	341.793487548828
3029.92544780837	315.389953613281
3031.97015310775	309.860290527344
3034.01427232762	323.355895996094
3036.05780570006	325.712249755859
3038.10075345705	338.659637451172
3040.14311583042	333.697967529297
3042.1848930519	322.623413085938
3044.22608535308	321.9951171875
3046.26669296546	343.628875732422
3048.30671612039	362.067443847656
3050.3461550491	345.643096923828
3052.3850099827	337.674865722656
3054.4232811522	339.475280761719
3056.46096878846	371.754791259766
3058.49807312224	383.710876464844
3060.53459438416	381.182312011719
3062.57053280473	363.053863525391
3064.60588861434	354.500030517578
3066.64066204326	388.451629638672
3068.67485332163	400.316650390625
3070.70846267948	401.772552490234
3072.74149034671	405.796478271484
3074.7739365531	403.424530029297
3076.80580152832	401.798095703125
3078.83708550191	391.183837890625
3080.86778870329	387.653900146484
3082.89791136177	393.668853759766
3084.92745370652	384.603759765625
3086.95641596661	365.057250976563
3088.98479837097	384.378021240234
3091.01260114844	427.776641845703
3093.03982452771	447.417572021484
3095.06646873737	440.077056884766
3097.09253400586	433.327514648438
3099.11802056155	409.912353515625
3101.14292863265	429.732849121094
3103.16725844726	452.433807373047
3105.19101023337	464.791534423828
3107.21418421884	475.812561035156
3109.23678063142	472.299499511719
3111.25879969873	460.834655761719
3113.28024164829	483.414794921875
3115.30110670747	500.075927734375
3117.32139510355	541.847778320313
3119.34110706367	540.565856933594
3121.36024281487	541.710327148438
3123.37880258406	544.63330078125
3125.39678659804	564.729370117188
3127.41419508347	566.360534667969
3129.43102826693	586.57275390625
3131.44728637483	585.803527832031
3133.46296963351	589.14501953125
3135.47807826917	590.97216796875
3137.49261250789	616.238952636719
3139.50657257563	660.721557617188
3141.51995869824	672.400451660156
3143.53277110146	646.282043457031
3145.54501001089	672.26123046875
3147.55667565202	681.508972167969
3149.56776825024	677.919860839844
3151.5782880308	706.263854980469
3153.58823521884	740.606689453125
3155.59761003939	690.902282714844
3157.60641271735	709.005798339844
3159.61464347751	720.897705078125
3161.62230254454	754.591003417969
3163.62939014299	782.335815429688
3165.63590649731	753.204345703125
3167.64185183181	760.880920410156
3169.64722637069	798.470764160156
3171.65203033805	820.671203613281
3173.65626395785	826.370544433594
3175.65992745394	809.463317871094
3177.66302105006	823.594360351563
3179.66554496983	823.737426757813
3181.66749943675	808.99755859375
3183.66888467421	842.361877441406
3185.66970090547	875.303894042969
3187.6699483537	847.955261230469
3189.66962724193	865.421081542969
3191.66873779308	884.839660644531
3193.66728022996	896.086120605469
3195.66525477525	941.443054199219
3197.66266165154	954.239624023438
3199.65950108127	959.45263671875
3201.65577328679	963.572387695313
3203.65147849034	931.50341796875
3205.646616914	923.288452148438
3207.64118877979	933.822265625
3209.63519430958	993.40087890625
3211.62863372515	970.530944824219
3213.62150724812	1005.74530029297
3215.61381510005	1032.0986328125
3217.60555750235	1039.91137695313
3219.59673467632	1036.7822265625
3221.58734684315	1013.45849609375
3223.57739422392	1038.04821777344
3225.56687703959	993.492004394531
3227.55579551099	974.908081054688
3229.54414985887	953.56640625
3231.53194030382	968.65771484375
3233.51916706637	1010.80694580078
3235.50583036689	1035.65869140625
3237.49193042565	1040.15405273438
3239.47746746281	1054.10888671875
3241.46244169841	1080.68725585938
3243.44685335239	1079.55712890625
3245.43070264455	1075.21520996094
3247.4139897946	1069.28991699219
3249.39671502213	1074.04748535156
3251.3788785466	1085.51428222656
3253.36048058739	1074.8154296875
3255.34152136372	1094.43762207031
3257.32200109474	1109.91369628906
3259.30191999947	1028.07946777344
3261.2812782968	1039.60571289063
3263.26007620554	1101.24255371094
3265.23831394435	1062.69372558594
3267.2159917318	1019.47930908203
3269.19310978635	1040.95434570313
3271.16966832633	1110.53356933594
3273.14566756997	1146.33483886719
3275.12110773538	1138.79956054688
3277.09598904056	1095.48657226563
3279.07031170339	1054.71838378906
3281.04407594166	1020.96197509766
3283.01728197302	1037.40832519531
3284.98993001502	1096.03100585938
3286.96202028509	1090.11291503906
3288.93355300057	1107.02893066406
3290.90452837865	1087.0029296875
3292.87494663645	1072.39013671875
3294.84480799094	1060.10510253906
3296.81411265901	1034.00280761719
3298.78286085741	1055.70166015625
3300.75105280279	1059.28112792969
3302.71868871169	1063.94470214844
3304.68576880055	1084.65942382813
3306.65229328567	1079.95202636719
3308.61826238325	1121.45043945313
3310.58367630939	1095.7138671875
3312.54853528007	1059.328125
3314.51283951115	1045.35229492188
3316.47658921839	1073.92761230469
3318.43978461745	1109.39624023438
3320.40242592384	1117.26513671875
3322.364513353	1119.45495605469
3324.32604712023	1100.32104492188
3326.28702744073	1070.53454589844
3328.24745452961	1082.79931640625
3330.20732860182	1092.81286621094
3332.16664987225	1111.25903320313
3334.12541855565	1087.63830566406
3336.08363486666	1094.96997070313
3338.04129901982	1101.8662109375
3339.99841122955	1114.67578125
3341.95497171018	1151.70080566406
3343.91098067589	1113.56677246094
3345.86643834079	1109.50354003906
3347.82134491886	1157.16296386719
3349.77570062398	1150.90307617188
3351.7295056699	1138.45764160156
3353.68276027027	1138.46813964844
3355.63546463865	1123.98376464844
3357.58761898846	1116.123046875
3359.53922353302	1128.93212890625
3361.49027848556	1145.67407226563
3363.44078405916	1165.72375488281
3365.39074046683	1193.91345214844
3367.34014792145	1176.5625
3369.2890066358	1185.16735839844
3371.23731682253	1172.14916992188
3373.18507869421	1135.63598632813
3375.13229246328	1137.3388671875
3377.07895834208	1150.21105957031
3379.02507654284	1191.75988769531
3380.97064727767	1172.52099609375
3382.91567075858	1132.40893554688
3384.86014719748	1124.97973632813
3386.80407680616	1121.28601074219
3388.7474597963	1091.91638183594
3390.69029637947	1090.85498046875
3392.63258676714	1116.55505371094
3394.57433117068	1100.33947753906
3396.51552980132	1147.70129394531
3398.4561828702	1178.12414550781
3400.39629058836	1148.54907226563
3402.33585316673	1119.31799316406
3404.27487081611	1139.11486816406
3406.21334374721	1132.46325683594
3408.15127217064	1087.1787109375
3410.08865629688	1066.78076171875
3412.02549633631	1081.28271484375
3413.96179249922	1119.52661132813
3415.89754499577	1150.11791992188
3417.832754036	1180.54333496094
3419.76741982989	1191.61206054688
3421.70154258727	1164.71228027344
3423.63512251788	1138.11376953125
3425.56815983135	1130.58618164063
3427.50065473719	1101.5966796875
3429.43260744483	1107.70434570313
3431.36401816356	1144.91918945313
3433.29488710259	1133.09973144531
3435.22521447102	1087.93347167969
3437.15500047782	1080.66052246094
3439.08424533188	1111.80053710938
3441.01294924196	1158.85803222656
3442.94111241673	1135.33520507813
3444.86873506474	1078.09375
3446.79581739446	1061.6689453125
3448.72235961422	1074.55187988281
3450.64836193226	1067.61755371094
3452.57382455672	1052.70812988281
3454.4987476956	1031.73791503906
3456.42313155685	1044.70727539063
3458.34697634825	1032.2607421875
3460.27028227754	1043.99682617188
3462.19304955228	1061.1591796875
3464.11527838	1088.62268066406
3466.03696896807	1077.18994140625
3467.95812152377	1026.45336914063
3469.87873625428	976.43212890625
3471.79881336667	954.50830078125
3473.71835306789	954.352722167969
3475.63735556482	993.603393554688
3477.5558210642	1032.22448730469
3479.47374977267	997.311279296875
3481.39114189679	942.005065917969
3483.30799764298	898.217224121094
3485.22431721758	931.658081054688
3487.14010082681	934.038330078125
3489.05534867678	943.45654296875
3490.97006097353	904.143005371094
3492.88423792295	897.137329101563
3494.79787973085	869.044494628906
3496.71098660292	850.6279296875
3498.62355874477	840.89404296875
3500.53559636189	836.046813964844
3502.44709965965	833.454711914063
3504.35806884334	831.940124511719
3506.26850411813	806.943664550781
3508.1784056891	771.801086425781
3510.08777376121	755.979431152344
3511.99660853933	752.61669921875
3513.9049102282	731.870910644531
3515.81267903249	730.22900390625
3517.71991515675	747.440734863281
3519.62661880542	727.499755859375
3521.53279018283	724.682312011719
3523.43842949324	679.567199707031
3525.34353694076	651.286193847656
3527.24811272943	644.990417480469
3529.15215706318	683.660339355469
3531.05567014582	678.585327148438
3532.95865218107	634.962707519531
3534.86110337256	600.891296386719
3536.76302392378	596.1669921875
3538.66441403814	626.296508789063
3540.56527391896	619.575744628906
3542.46560376942	583.906127929688
3544.36540379263	550.31396484375
3546.26467419157	523.726867675781
3548.16341516915	496.842254638672
3550.06162692814	494.311279296875
3551.95930967123	513.765625
3553.85646360101	521.021118164063
3555.75308891994	540.821105957031
3557.64918583041	502.6328125
3559.54475453469	496.482360839844
3561.43979523495	516.902770996094
3563.33430813326	529.400634765625
3565.22829343157	522.021911621094
3567.12175133176	490.858856201172
3569.01468203558	446.417877197266
3570.90708574469	397.231872558594
3572.79896266065	404.544403076172
3574.6903129849	413.486968994141
3576.5811369188	403.372039794922
3578.4714346636	404.025329589844
3580.36120642044	411.081665039063
3582.25045239037	400.636474609375
3584.13917277433	412.795013427734
3586.02736777315	373.965148925781
3587.91503758759	351.844177246094
3589.80218241827	357.090148925781
3591.68880246574	357.018768310547
3593.57489793042	356.32080078125
3595.46046901265	334.358154296875
3597.34551591265	313.709655761719
3599.23003883056	321.599151611328
3601.11403796641	323.424560546875
3602.99751352012	283.28125
3604.88046569152	281.317352294922
3606.76289468033	265.457122802734
3608.64480068617	250.213745117188
3610.52618390856	265.080657958984
3612.40704454694	263.393310546875
3614.28738280061	242.138641357422
3616.1671988688	234.981079101563
3618.04649295063	246.805480957031
3619.9252652451	254.496704101563
3621.80351595115	227.613998413086
3623.68124526759	204.249450683594
3625.55845339313	215.024719238281
3627.43514052639	210.14714050293
3629.31130686588	186.642944335938
3631.18695261002	174.143737792969
3633.06207795712	172.162673950195
3634.93668310541	139.311584472656
3636.81076825298	135.945739746094
3638.68433359786	156.02571105957
3640.55737933796	151.854049682617
3642.4299056711	140.341949462891
3644.30191279499	119.749328613281
3646.17340090724	112.993911743164
3648.04437020536	100.10530090332
3649.91482088678	100.51114654541
3651.78475314881	99.1325073242188
3653.65416718867	79.6469497680664
3655.52306320347	73.6861038208008
3657.39144139022	72.5131454467773
3659.25930194585	70.7661743164063
3661.12664506718	63.3004913330078
3662.99347095091	43.7937164306641
3664.85977979368	24.423490524292
3666.725571792	27.6766262054443
3668.5908471423	13.9610271453857
3670.45560604089	13.3490886688232
3672.319848684	19.1302299499512
