-135.265781677808	-456.752899169922
-132.236709759276	-456.00634765625
-129.208653760716	-455.120788574219
-126.181613199586	-455.35009765625
-123.155587593635	-454.964965820313
-120.130576460916	-453.399780273438
-117.106579319789	-452.949584960938
-114.083595688923	-453.302856445313
-111.061625087294	-451.90234375
-108.040667034172	-450.895416259766
-105.020721049135	-450.651123046875
-102.001786652066	-451.374267578125
-98.9838633631476	-451.368133544922
-95.9669507028802	-449.329498291016
-92.9510481920504	-450.094329833984
-89.9361553517448	-449.154541015625
-86.9222717033693	-448.362487792969
-83.9093967686252	-448.406829833984
-80.8975300695124	-447.238220214844
-77.8866711283294	-447.283020019531
-74.8768194676892	-446.049346923828
-71.8679746104908	-445.619262695313
-68.8601360799475	-444.566436767578
-65.8533033995658	-444.907348632813
-62.8474760931499	-443.412353515625
-59.8426536848132	-442.376739501953
-56.8388356989659	-441.587188720703
-53.8360216603152	-441.306121826172
-50.8342110938685	-440.025268554688
-47.8334035249377	-439.236511230469
-44.8335984791267	-439.234893798828
-41.834795482347	-436.036865234375
-38.8369940607979	-435.019348144531
-35.8401937409818	-432.854583740234
-32.8443940497084	-430.853942871094
-29.8495945140702	-429.492950439453
-26.8557946614661	-428.345306396484
-23.8629940195937	-424.706146240234
-20.8711921164406	-421.247528076172
-17.8803884803003	-414.002319335938
-14.8905826397601	-405.036010742188
-11.9017741236966	-378.053619384766
-8.9139624612918	-213.120681762695
-5.92714718202052	1054.87768554688
-2.94132781565444	4454.89208984375
0.0434961077382248	4199.11376953125
3.02732505780103	3943.33520507813
6.01015950386537	3687.556640625
8.99199991499091	107.209396362305
11.9728467599297	-361.105377197266
14.9527005071342	-406.928558349609
17.9315616247742	-417.030731201172
20.909430580716	-422.313537597656
23.8863078425397	-424.055511474609
26.8621938775227	-425.125701904297
29.8370891526562	-425.179718017578
32.8109941346455	-425.037322998047
35.783909289882	-424.698425292969
38.7558350844837	-424.490936279297
41.7267719842672	-424.906707763672
44.6967204547641	-423.634216308594
47.665680961197	-422.443939208984
50.6336539685201	-420.040832519531
53.600639941379	-418.834716796875
56.5666393441393	-411.710784912109
59.5316526408625	-388.324890136719
62.4956802953306	-312.611358642578
65.4587227710298	-115.455467224121
68.4207805311594	236.995208740234
71.3818540386274	663.035766601563
74.3419437560472	1067.05981445313
77.3010501457494	1467.52587890625
80.2591736697664	1707.94262695313
83.2163147898564	1711.11352539063
86.1724739674758	1724.97229003906
89.1276516637912	1763.79809570313
92.0818483396878	1735.41064453125
95.0350644557615	1665.05554199219
97.9873004723194	1609.17590332031
100.938556849376	1503.45935058594
103.888834046664	1360.67736816406
106.83813252363	1295.38696289063
109.786452739426	1221.22705078125
112.733795152917	1169.54260253906
115.680160222699	1134.71032714844
118.625548407052	1128.697265625
121.569960163999	1167.716796875
124.513395951254	1155.67041015625
127.45585622626	1082.607421875
130.397341446169	1031.65905761719
133.337852067845	1057.267578125
136.277388547871	1041.69555664063
139.215951342542	996.237976074219
142.153540907874	930.845764160156
145.090157699595	937.305725097656
148.025802173138	925.994934082031
150.960474783674	935.782165527344
153.89417598607	917.487182617188
156.826906234926	869.486938476563
159.758665984545	833.420837402344
162.689455688947	822.797119140625
165.619275801883	829.533752441406
168.548126776814	819.155334472656
171.476009066906	810.661865234375
174.402923125057	756.692810058594
177.328869403886	720.82177734375
180.253848355719	693.16357421875
183.177860432609	674.832885742188
186.100906086319	660.764343261719
189.022985768336	664.793823242188
191.944099929863	657.626220703125
194.864249021832	625.196044921875
197.783433494883	605.945922851563
200.701653799384	574.925048828125
203.618910385413	551.608825683594
206.535203702774	545.308654785156
209.450534200994	520.483642578125
212.364902329318	481.297698974609
215.278308536712	464.488464355469
218.190753271859	462.728149414063
221.102236983173	445.147918701172
224.012760118779	401.632873535156
226.922323126528	379.642181396484
229.830926453993	370.143005371094
232.738570548467	345.889404296875
235.645255856972	329.045379638672
238.550982826246	323.119110107422
241.455751902746	305.454803466797
244.359563532666	293.462341308594
247.262418161907	265.830230712891
250.164316236108	260.951934814453
253.06525820062	245.188079833984
255.965244500518	221.702651977539
258.864275580614	207.823455810547
261.762351885427	201.730834960938
264.659473859216	191.883865356445
267.555641945957	171.216918945313
270.45085658935	154.746383666992
273.345118232815	149.587020874023
276.238427319512	132.591278076172
279.130784292319	122.923164367676
282.022189593831	123.287467956543
284.912643666385	125.06135559082
287.802146952034	101.670974731445
290.690699892558	88.6737670898438
293.578302929465	81.643424987793
296.464956503989	97.9407119750977
299.350661057098	91.2540512084961
302.235417029471	76.6490478515625
305.119224861536	92.3880386352539
308.002084993427	108.782440185547
310.88399786502	127.979797363281
313.76496391592	161.045745849609
316.644983585446	242.01301574707
319.524057312657	384.127502441406
322.402185536344	589.192504882813
325.27936869502	652.830932617188
328.155607226924	526.715087890625
331.030901570028	348.648040771484
333.90525216204	208.023300170898
336.778659440391	142.316284179688
339.651123842242	101.133560180664
342.52264580448	84.4915161132813
345.393225763731	69.3409423828125
348.262864156352	66.5835189819336
351.131561418424	67.0225067138672
353.999317985763	60.6087226867676
356.866134293912	46.588062286377
359.732010778147	53.485164642334
362.596947873477	44.1360092163086
365.460946014648	36.8193359375
368.324005636133	29.3712291717529
371.186127172134	35.0703315734863
374.047311056585	40.8019180297852
376.907557723163	45.1889114379883
379.766867605264	48.0592308044434
382.62524113603	44.8144340515137
385.482678748326	54.5939559936523
388.339180874756	52.815746307373
391.194747947659	44.365119934082
394.049380399102	40.7502403259277
396.903078660893	49.0776634216309
399.755843164565	41.9785614013672
402.607674341392	33.8872985839844
405.458572622387	43.303955078125
408.308538438289	52.7530364990234
411.157572219577	47.7592124938965
414.005674396461	52.1339149475098
416.852845398891	43.0000877380371
419.699085656558	39.4479293823242
422.544395598872	40.4200134277344
425.388775654992	51.4245986938477
428.232226253813	53.7731132507324
431.074747823968	47.8425827026367
433.916340793817	55.2068672180176
436.75700559146	60.119987487793
439.596742644748	48.0983505249023
442.435552381246	54.8059234619141
445.273435228277	31.1033267974854
448.110391612888	30.3348083496094
450.946421961873	35.0741882324219
453.781526701766	45.0919380187988
456.615706258824	52.9618110656738
459.448961059057	58.7821655273438
462.281291528209	54.3726768493652
465.112698091761	41.0448532104492
467.943181174944	36.6839256286621
470.772741202705	44.9783973693848
473.60137859976	43.3708953857422
476.429093790544	51.1893119812012
479.255887199234	64.6221466064453
482.081759249756	53.9890747070313
484.90671036577	43.7081413269043
487.730740970679	49.6727714538574
490.553851487622	51.981330871582
493.376042339492	43.6666145324707
496.197313948902	45.7613983154297
499.017666738225	52.4132461547852
501.837101129568	60.5975532531738
504.65561754478	57.9290390014648
507.47321640545	53.2028579711914
510.289898132913	48.935302734375
513.105663148248	56.593677520752
515.920511872273	53.0222244262695
518.734444725542	57.4258117675781
521.547462128367	58.0914039611816
524.359564500792	52.9041709899902
527.170752262605	47.0444793701172
529.981025833341	62.430347442627
532.790385632282	53.5044136047363
535.598832078445	51.1355209350586
538.406365590597	42.3400688171387
541.212986587249	49.8393363952637
544.018695486652	51.994026184082
546.823492706806	44.6893653869629
549.627378665461	39.9581146240234
552.4303537801	38.9806251525879
555.232418467959	48.3470916748047
558.033573146012	42.4181022644043
560.833818230998	45.7264785766602
563.633154139377	48.8541984558105
566.431581287368	46.1455268859863
569.229100090937	49.2151718139648
572.02571096579	50.7189254760742
574.821414327391	55.2305221557617
577.616210590935	54.4467163085938
580.410100171381	48.8428535461426
583.20308348342	47.6321182250977
585.995160941501	44.3718719482422
588.78633295981	51.5374641418457
591.576599952298	47.6207847595215
594.365962332643	40.1299743652344
597.15442051429	42.507682800293
599.941974910419	41.8686370849609
602.728625933962	45.9997520446777
605.514373997606	42.0485534667969
608.29921951378	48.6379737854004
611.083162894665	47.2106704711914
613.866204552186	46.2911911010742
616.648344898032	37.5681228637695
619.429584343623	38.8528594970703
622.209923300141	35.98974609375
624.989362178515	37.0934829711914
627.767901389424	38.9017753601074
630.545541343297	41.5703887939453
633.322282450312	24.6812591552734
636.098125120403	25.6114311218262
638.873069763254	29.0003318786621
641.647116788295	32.257698059082
644.420266604709	37.5310821533203
647.192519621431	39.6565933227539
649.963876247161	37.4784965515137
652.734336890324	40.9721565246582
655.503901959122	45.9982376098633
658.272571861497	34.4338111877441
661.040347005142	35.2132835388184
663.807227797514	29.5497932434082
666.573214645815	32.9679107666016
669.338307956992	33.5168228149414
672.102508137759	47.6391296386719
674.865815594584	59.1381378173828
677.628230733677	45.2597465515137
680.389753961008	42.5531311035156
683.150385682309	44.3871421813965
685.910126303044	43.4420928955078
688.668976228461	43.037670135498
691.426935863537	34.5017433166504
694.184005613023	48.2605476379395
696.940185881406	57.6419296264648
699.695477072946	49.7114753723145
702.449879591645	55.4364128112793
705.203393841273	51.1281776428223
707.95602022534	52.0819129943848
710.707759147133	54.0188674926758
713.458611009669	50.5784149169922
716.208576215747	50.3670921325684
718.957655167903	57.3849334716797
721.70584826844	64.7466583251953
724.453155919412	73.5998229980469
727.199578522641	71.2723083496094
729.945116479687	60.1575317382813
732.68977019189	62.8292846679688
735.433540060329	55.4350967407227
738.17642648585	51.6798973083496
740.918429869054	49.9898719787598
743.659550610303	53.6437797546387
746.399789109712	62.657958984375
749.139145767159	70.6881561279297
751.877620982282	70.9310913085938
754.615215154471	69.1900787353516
757.351928682878	69.7109680175781
760.087761966425	59.1659278869629
762.822715403774	60.1287269592285
765.556789393358	67.9107971191406
768.289984333375	62.848258972168
771.022300621766	61.2771301269531
773.753738656249	55.6974716186523
776.48429883429	61.7239532470703
779.21398155313	64.5697555541992
781.942787209755	65.2184753417969
784.670716200913	66.0471267700195
787.397768923129	71.6295166015625
790.123945772673	58.3426628112793
792.849247145583	51.8095397949219
795.573673437659	52.8334350585938
798.297225044459	55.2667617797852
801.019902361304	56.0194053649902
803.741705783282	60.4274139404297
806.462635705236	62.7776641845703
809.182692521782	54.4881782531738
811.90187662728	56.378662109375
814.620188415871	62.8425407409668
817.337628281454	64.3716125488281
820.054196617687	66.6216049194336
822.769893817995	67.6089172363281
825.484720275562	70.6286468505859
828.198676383347	64.6480102539063
830.911762534055	67.6178131103516
833.623979120171	68.34130859375
836.335326533941	61.0753707885742
839.045805167365	69.7270584106445
841.755415412218	72.7062606811523
844.464157660043	66.2971038818359
847.172032302133	68.231819152832
849.879039729564	71.8054733276367
852.585180333157	70.7886047363281
855.290454503521	71.6729965209961
857.994862631014	76.39306640625
860.698405105765	76.6455154418945
863.401082317674	78.9549789428711
866.102894656396	78.4525756835938
868.803842511364	72.2366714477539
871.503926271772	83.0449523925781
874.203146326576	75.3774490356445
876.901503064509	75.8489303588867
879.598996874061	81.3363800048828
882.295628143503	82.4163436889648
884.991397260856	73.8319778442383
887.686304613922	79.3374328613281
890.380350590262	79.1348114013672
893.073535577214	73.7186737060547
895.765859961879	68.9251174926758
898.457324131118	74.0983810424805
901.147928471578	72.4351806640625
903.837673369658	71.9355316162109
906.526559211541	82.0311126708984
909.214586383162	84.0279541015625
911.901755270245	89.1391448974609
914.588066258262	81.9985580444336
917.273519732471	79.6772918701172
919.958116077894	78.5523147583008
922.641855679315	81.4761352539063
925.324738921306	99.6618804931641
928.006766188195	100.453758239746
930.687937864078	94.7206649780273
933.368254332836	95.331428527832
936.047715978107	97.5155639648438
938.726323183309	99.543571472168
941.404076331622	92.3744659423828
944.080975806004	90.541015625
946.75702198919	87.2809371948242
949.432215263668	81.9549026489258
952.106556011714	85.1694488525391
954.780044615375	90.5803070068359
957.452681456458	96.8760147094727
960.124466916555	92.7450942993164
962.795401377023	94.0236053466797
965.465485219	92.1705703735352
968.134718823383	97.5958251953125
970.803102570853	94.4469146728516
973.470636841861	99.4369125366211
976.137322016633	102.942939758301
978.803158475164	106.374771118164
981.468146597227	90.3717880249023
984.132286762362	87.2700424194336
986.795579349894	88.5613174438477
989.458024738913	95.2456436157227
992.119623308283	96.0361175537109
994.780375436653	89.5802688598633
997.440281502432	91.6568298339844
1000.09934188381	96.2247695922852
1002.75755695877	116.185745239258
1005.41492710503	140.728286743164
1008.07145270011	157.942581176758
1010.72713412132	141.574462890625
1013.38197174571	106.779685974121
1016.03596595012	96.7878036499023
1018.68911711118	94.3856887817383
1021.34142560529	85.9831619262695
1023.9928918086	94.1539611816406
1026.64351609708	92.8162002563477
1029.29329884644	89.4616012573242
1031.94224043219	108.877098083496
1034.5903412296	121.029891967773
1037.23760161373	139.936370849609
1039.88402195942	131.547348022461
1042.52960264127	129.649703979492
1045.17434403366	115.538551330566
1047.81824651077	103.164695739746
1050.46131044653	97.5608978271484
1053.10353621468	85.7435836791992
1055.7449241887	89.6471557617188
1058.38547474188	91.7634353637695
1061.02518824727	102.600601196289
1063.66406507771	112.240646362305
1066.30210560581	108.101554870605
1068.93931020397	113.404693603516
1071.57567924436	109.895950317383
1074.21121309892	104.190032958984
1076.8459121394	116.500122070313
1079.4797767373	121.137649536133
1082.11280726391	129.397705078125
1084.74500409031	120.362274169922
1087.37636758734	125.44116973877
1090.00689812565	132.962249755859
1092.63659607563	128.499313354492
1095.26546180749	122.740898132324
1097.8934956912	114.752510070801
1100.5206980965	120.17357635498
1103.14706939295	118.659767150879
1105.77260994985	119.77668762207
1108.39732013631	111.384986877441
1111.02120032121	110.476470947266
1113.6442508732	104.731468200684
1116.26647216074	92.1827545166016
1118.88786455205	105.223808288574
1121.50842841514	104.526702880859
1124.1281641178	96.4357452392578
1126.74707202761	108.114845275879
1129.36515251191	122.104988098145
1131.98240593787	118.799629211426
1134.59883267239	111.969245910645
1137.21443308217	101.564659118652
1139.82920753373	94.7498245239258
1142.44315639332	82.2952117919922
1145.056280027	67.7910079956055
1147.66857880063	64.9420700073242
1150.28005307981	64.8140335083008
1152.89070322996	67.0462341308594
1155.50052961627	74.3654174804688
1158.10953260374	84.7661590576172
1160.7177125571	80.6254653930664
1163.32506984093	77.4952850341797
1165.93160481954	76.2662963867188
1168.53731785706	77.2827682495117
1171.14220931739	79.249641418457
1173.74627956421	87.6095428466797
1176.34952896102	96.0837326049805
1178.95195787107	92.0329132080078
1181.55356665739	89.1292037963867
1184.15435568284	88.4709625244141
1186.75432531002	80.8122634887695
1189.35347590135	81.8908615112305
1191.95180781901	90.3952331542969
1194.54932142499	85.0139083862305
1197.14601708104	84.6649475097656
1199.74189514873	91.1844177246094
1202.33695598941	90.6050796508789
1204.93119996418	107.025283813477
1207.52462743397	104.838539123535
1210.11723875949	109.725067138672
1212.70903430122	116.709564208984
1215.30001441945	127.996871948242
1217.89017947424	119.365715026855
1220.47952982544	118.717727661133
1223.06806583271	119.9873046875
1225.65578785548	111.223686218262
1228.24269625296	127.164512634277
1230.82879138418	139.022933959961
1233.41407360791	137.946533203125
1235.99854328277	156.509002685547
1238.58220076713	159.316909790039
1241.16504641916	166.468643188477
1243.7470805968	170.062576293945
1246.32830365783	172.901947021484
1248.90871595976	179.052352905273
1251.48831785993	184.612167358398
1254.06710971546	180.105911254883
1256.64509188325	191.05827331543
1259.22226472002	189.436401367188
1261.79862858224	205.207504272461
1264.3741838262	212.929016113281
1266.94893080798	214.267562866211
1269.52286988343	207.064666748047
1272.09600140822	205.189178466797
1274.66832573779	205.662963867188
1277.23984322738	203.759262084961
1279.81055423201	179.871490478516
1282.38045910653	172.721008300781
1284.94955820553	166.799545288086
1287.51785188343	163.287475585938
1290.08534049443	172.873321533203
1292.65202439251	178.589874267578
1295.21790393147	184.76496887207
1297.78297946489	189.23469543457
1300.34725134614	186.966247558594
1302.91071992837	207.959686279297
1305.47338556455	219.477249145508
1308.03524860744	218.551681518555
1310.59630940958	216.494552612305
1313.1565683233	210.928771972656
1315.71602570074	204.837951660156
1318.27468189383	201.394180297852
1320.8325372543	203.490951538086
1323.38959213365	198.808624267578
1325.9458468832	192.060211181641
1328.50130185405	190.672012329102
1331.05595739712	193.184967041016
1333.60981386309	174.894226074219
1336.16287160245	174.078414916992
1338.71513096549	178.122787475586
1341.2665923023	177.70768737793
1343.81725596274	175.316741943359
1346.36712229651	185.204040527344
1348.91619165306	179.402313232422
1351.46446438166	167.124710083008
1354.01194083137	159.469604492188
1356.55862135106	142.125518798828
1359.10450628937	143.633422851563
1361.64959599477	136.567077636719
1364.19389081549	136.156021118164
1366.73739109958	147.974014282227
1369.2800971949	139.791534423828
1371.82200944907	131.280715942383
1374.36312820954	124.277641296387
1376.90345382354	120.536399841309
1379.4429866381	121.712707519531
1381.98172700006	121.216407775879
1384.51967525605	104.244255065918
1387.05683175249	96.2552337646484
1389.5931968356	99.0362396240234
1392.12877085143	107.874145507813
1394.66355414577	116.449287414551
1397.19754706426	108.048545837402
1399.73074995232	117.589981079102
1402.26316315517	108.770286560059
1404.79478701783	106.663200378418
1407.32562188511	110.342552185059
1409.85566810163	111.054222106934
1412.38492601182	106.076881408691
1414.91339595988	108.885971069336
1417.44107828984	105.678199768066
1419.96797334551	114.404357910156
1422.49408147051	128.72021484375
1425.01940300826	136.560195922852
1427.54393830198	132.629196166992
1430.06768769469	140.156753540039
1432.5906515292	160.929718017578
1435.11283014814	177.866165161133
1437.63422389394	200.195571899414
1440.1548331088	246.770401000977
1442.67465813477	278.000518798828
1445.19369931367	300.066162109375
1447.71195698711	295.934661865234
1450.22943149654	278.671478271484
1452.74612318319	272.965240478516
1455.2620323881	262.660125732422
1457.77715945208	261.09228515625
1460.2915047158	260.368194580078
1462.80506851968	240.7255859375
1465.31785120397	233.393997192383
1467.82985310873	218.307830810547
1470.34107457379	193.270309448242
1472.85151593882	176.756958007813
1475.36117754326	149.718505859375
1477.87005972639	130.728775024414
1480.37816282725	121.607406616211
1482.88548718473	111.715042114258
1485.39203313749	103.527130126953
1487.897801024	94.5846252441406
1490.40279118255	94.1990127563477
1492.90700395122	84.0260314941406
1495.41043966789	75.0328826904297
1497.91309867027	72.6130447387695
1500.41498129584	65.5205612182617
1502.9160878819	64.870231628418
1505.41641876558	55.088264465332
1507.91597428377	52.7320365905762
1510.41475477319	58.7687606811523
1512.91276057038	58.2312278747559
1515.40999201165	56.6686210632324
1517.90644943313	55.2694511413574
1520.40213317078	59.7960243225098
1522.89704356034	63.1827735900879
1525.39118093735	59.1755638122559
1527.88454563718	60.0449295043945
1530.37713799499	61.2088928222656
1532.86895834575	66.2821807861328
1535.36000702424	69.8140106201172
1537.85028436504	70.4846878051758
1540.33979070255	75.286003112793
1542.82852637097	78.9557113647461
1545.31649170429	75.8544006347656
1547.80368703634	84.2607955932617
1550.29011270074	100.568359375
1552.7757690309	102.46558380127
1555.26065636008	103.460655212402
1557.74477502131	109.586395263672
1560.22812534744	114.613288879395
1562.71070767114	109.672439575195
1565.19252232488	110.239311218262
1567.67356964093	126.428619384766
1570.15384995137	139.142059326172
1572.63336358811	129.822174072266
1575.11211088284	135.501800537109
1577.59009216708	151.541580200195
1580.06730777216	169.597244262695
1582.54375802919	174.373748779297
1585.01944326913	172.887451171875
1587.49436382272	190.121948242188
1589.96852002052	191.273986816406
1592.4419121929	195.991104125977
1594.91454067004	198.232299804688
1597.38640578194	191.366439819336
1599.85750785839	190.418090820313
1602.32784722899	180.928283691406
1604.79742422318	191.765838623047
1607.26623917019	198.078277587891
1609.73429239905	194.832870483398
1612.20158423862	191.209869384766
1614.66811501756	192.717514038086
1617.13388506436	198.765655517578
1619.59889470729	217.551010131836
1622.06314427446	222.196487426758
1624.52663409378	232.152908325195
1626.98936449296	242.182632446289
1629.45133579955	238.810211181641
1631.91254834088	239.174942016602
1634.37300244413	238.645797729492
1636.83269843625	242.181655883789
1639.29163664402	245.946548461914
1641.74981739406	253.694534301758
1644.20724101275	270.179656982422
1646.66390782633	279.893859863281
1649.11981816083	298.214050292969
1651.5749723421	326.976348876953
1654.02937069579	350.098815917969
1656.48301354738	360.41748046875
1658.93590122215	369.129119873047
1661.38803404522	381.774658203125
1663.83941234148	374.944213867188
1666.29003643568	355.687072753906
1668.73990665235	319.462219238281
1671.18902331585	292.023681640625
1673.63738675035	264.125671386719
1676.08499727984	237.587753295898
1678.53185522812	212.229690551758
1680.9779609188	204.280899047852
1683.42331467531	197.249633789063
1685.8679168209	170.627700805664
1688.31176767862	152.005249023438
1690.75486757135	135.087203979492
1693.19721682179	128.185028076172
1695.63881575244	124.741355895996
1698.07966468561	115.084037780762
1700.51976394346	101.147521972656
1702.95911384792	89.0465469360352
1705.39771472077	78.1417617797852
1707.8355668836	76.0889282226563
1710.2726706578	74.461799621582
1712.7090263646	74.8833236694336
1715.14463432503	68.0420379638672
1717.57949485994	64.3477630615234
1720.01360829001	55.4890441894531
1722.4469749357	61.301929473877
1724.87959511734	52.778205871582
1727.31146915503	47.614631652832
1729.74259736872	48.3111877441406
1732.17298007816	49.777702331543
1734.60261760291	49.0633773803711
1737.03151026238	47.6763572692871
1739.45965837577	44.4527969360352
1741.8870622621	43.8352279663086
1744.31372224022	37.7417297363281
1746.73963862879	45.0903663635254
1749.16481174629	39.5531768798828
1751.58924191102	38.0646705627441
1754.0129294411	38.1329917907715
1756.43587465446	35.3647384643555
1758.85807786886	30.3172435760498
1761.27953940187	30.8757858276367
1763.70025957089	27.5649471282959
1766.12023869314	27.6470241546631
1768.53947708563	25.7121658325195
1770.95797506523	23.6456546783447
1773.3757329486	24.4228439331055
1775.79275105224	23.8224601745605
1778.20902969247	14.9674396514893
1780.62456918539	14.767635345459
1783.03936984699	18.2722072601318
1785.45343199301	27.9893627166748
1787.86675593906	25.492862701416
1790.27934200055	20.7663402557373
1792.69119049271	20.957275390625
1795.1023017306	20.4591846466064
1797.51267602908	21.9441509246826
1799.92231370288	24.1334934234619
1802.33121506648	24.0682220458984
1804.73938043424	17.5105895996094
1807.14681012032	16.9278392791748
1809.55350443869	19.147819519043
1811.95946370317	24.629566192627
1814.36468822737	21.405834197998
1816.76917832476	17.0176620483398
1819.17293430859	15.5961475372314
1821.57595649195	15.4691638946533
1823.97824518777	17.4727897644043
1826.37980070877	14.7217979431152
1828.78062336753	10.7079553604126
1831.18071347642	13.5296249389648
1833.58007134764	13.9081611633301
1835.97869729323	14.0729942321777
1838.37659162503	16.8110675811768
1840.77375465472	14.8928861618042
1843.1701866938	13.0069160461426
1845.5658880536	11.3007431030273
1847.96085904524	12.7907495498657
1850.35509997971	12.9851312637329
1852.7486111678	19.5396099090576
1855.14139292012	15.2001075744629
1857.53344554711	13.3272743225098
1859.92476935904	11.2489652633667
1862.315364666	13.8176527023315
1864.7052317779	18.730073928833
1867.09437100448	18.9533977508545
1869.4827826553	13.1597957611084
1871.87046703975	9.54595851898193
1874.25742446706	15.5873222351074
1876.64365524624	19.333044052124
1879.02915968616	18.7175559997559
1881.41393809553	17.4949684143066
1883.79799078284	24.0423164367676
1886.18131805644	20.7940521240234
1888.5639202245	19.9386425018311
1890.945797595	21.5335330963135
1893.32695047577	17.0950756072998
1895.70737917444	24.4921169281006
1898.0870839985	20.282054901123
1900.46606525522	21.8747158050537
1902.84432325174	24.286491394043
1905.22185829501	22.6977195739746
1907.59867069179	22.403470993042
1909.9747607487	22.2398090362549
1912.35012877217	22.6821537017822
1914.72477506844	23.2059135437012
1917.09869994361	24.4832057952881
1919.47190370359	26.1861610412598
1921.84438665411	23.9869556427002
1924.21614910074	23.9674854278564
1926.58719134887	20.9474658966064
1928.95751370374	24.254768371582
1931.32711647038	24.6598606109619
1933.69599995367	33.5725898742676
1936.06416445833	27.2060623168945
1938.43161028888	18.478343963623
1940.79833774969	20.0615177154541
1943.16434714495	26.4146385192871
1945.52963877868	30.8573436737061
1947.89421295473	31.5535869598389
1950.25806997678	22.3394355773926
1952.62121014832	26.1984786987305
1954.98363377271	19.6635513305664
1957.3453411531	21.0952434539795
1959.70633259249	27.8132591247559
1962.0666083937	27.1044883728027
1964.42616885939	21.698429107666
1966.78501429204	21.4557361602783
1969.14314499396	22.868200302124
1971.5005612673	22.5260257720947
1973.85726341403	19.2816314697266
1976.21325173595	23.7743740081787
1978.5685265347	28.5780220031738
1980.92308811174	33.4139060974121
1983.27693676837	29.7410125732422
1985.63007280571	28.018367767334
1987.98249652473	27.0328674316406
1990.3342082262	26.1615409851074
1992.68520821074	28.4044151306152
1995.03549677882	25.7942295074463
1997.3850742307	27.8884105682373
1999.73394086649	35.9492225646973
2002.08209698616	31.993091583252
2004.42954288946	27.2822723388672
2006.77627887601	34.5380935668945
2009.12230524525	32.492790222168
2011.46762229644	32.512508392334
2013.8122303287	34.3676948547363
2016.15612964095	39.063850402832
2018.49932053197	30.3496055603027
2020.84180330036	35.0773963928223
2023.18357824454	40.9849319458008
2025.52464566279	35.9902610778809
2027.86500585321	35.8966484069824
2030.20465911372	38.3270530700684
2032.54360574209	38.9372062683105
2034.88184603592	34.6943397521973
2037.21938029264	35.4508628845215
2039.55620880952	38.157642364502
2041.89233188365	37.8802452087402
2044.22774981197	38.3727416992188
2046.56246289124	42.9958267211914
2048.89647141806	44.1429100036621
2051.22977568886	43.3058090209961
2053.56237599992	43.1238670349121
2055.89427264733	43.8265762329102
2058.22546592704	41.1188850402832
2060.5559561348	46.9351997375488
2062.88574356624	45.0132141113281
2065.21482851678	44.1726341247559
2067.5432112817	41.8888282775879
2069.87089215612	37.8667449951172
2072.19787143498	44.7948837280273
2074.52414941305	41.0503082275391
2076.84972638495	44.8133659362793
2079.17460264514	47.5430297851563
2081.4987784879	44.9934272766113
2083.82225420736	43.9022598266602
2086.14503009746	44.0564041137695
2088.46710645201	49.9968299865723
2090.78848356463	45.412109375
2093.10916172879	40.8759498596191
2095.42914123779	44.1752853393555
2097.74842238477	45.7691040039063
2100.06700546271	42.6410369873047
2102.38489076441	45.577938079834
2104.70207858252	47.6945991516113
2107.01856920953	46.1057319641113
2109.33436293776	48.3687286376953
2111.64946005936	47.1393508911133
2113.96386086634	45.6306762695313
2116.27756565053	46.8591156005859
2118.59057470358	48.1853256225586
2120.90288831703	49.887996673584
2123.2145067822	45.5408973693848
2125.52543039029	44.1604118347168
2127.83565943231	52.0744132995605
2130.14519419912	48.1845474243164
2132.45403498141	46.5563621520996
2134.76218206973	49.0751419067383
2137.06963575445	48.6916770935059
2139.37639632577	49.8650016784668
2141.68246407375	45.7426490783691
2143.98783928827	49.1934547424316
2146.29252225907	52.7256507873535
2148.5965132757	51.3309936523438
2150.89981262758	50.6898574829102
2153.20242060395	44.1874809265137
2155.50433749389	46.258228302002
2157.80556358631	43.5251350402832
2160.10609917	38.8078231811523
2162.40594453354	43.360408782959
2164.70509996538	48.830436706543
2167.00356575379	47.865406036377
2169.3013421869	51.039134979248
2171.59842955267	45.195873260498
2173.89482813889	43.622501373291
2176.19053823322	50.9501609802246
2178.48556012313	52.4411468505859
2180.77989409593	51.2430191040039
2183.0735404388	51.8639488220215
2185.36649943873	48.336727142334
2187.65877138257	43.3334922790527
2189.950356557	40.1001663208008
2192.24125524855	46.4071769714355
2194.53146774358	49.1890258789063
2196.8209943283	40.035831451416
2199.10983528875	44.8492546081543
2201.39799091083	49.2358169555664
2203.68546148027	42.8676948547363
2205.97224728264	44.6137008666992
2208.25834860335	37.9000930786133
2210.54376572766	35.6940650939941
2212.82849894068	43.4218711853027
2215.11254852733	44.0506896972656
2217.3959147724	46.0723609924316
2219.67859796052	47.8474960327148
2221.96059837614	44.2121925354004
2224.24191630359	43.2812004089355
2226.52255202702	46.1200828552246
2228.80250583041	39.4173774719238
2231.08177799761	35.8943710327148
2233.36036881229	40.108470916748
2235.63827855799	38.3219451904297
2237.91550751806	43.1085929870605
2240.19205597571	42.9765853881836
2242.46792421401	39.2373847961426
2244.74311251584	38.3828468322754
2247.01762116394	38.3309593200684
2249.2914504409	39.6719017028809
2251.56460062916	42.5696105957031
2253.83707201097	41.9420928955078
2256.10886486845	41.609058380127
2258.37997948356	40.5868644714355
2260.65041613812	34.1132545471191
2262.92017511375	43.1635971069336
2265.18925669197	42.2707061767578
2267.4576611541	42.5903129577637
2269.72538878132	40.4338912963867
2271.99243985467	41.1293029785156
2274.25881465501	35.6437721252441
2276.52451346307	35.1084175109863
2278.78953655939	38.5888595581055
2281.05388422439	39.003101348877
2283.31755673832	37.5642471313477
2285.58055438128	33.8461036682129
2287.8428774332	35.897819519043
2290.10452617389	37.284969329834
2292.36550088297	34.2452774047852
2294.62580183992	36.3279075622559
2296.88542932407	43.3771362304688
2299.14438361458	37.2781791687012
2301.40266499048	28.2605762481689
2303.66027373064	29.8652935028076
2305.91721011376	33.2562789916992
2308.17347441839	28.9089317321777
2310.42906692295	32.4789848327637
2312.68398790568	34.7205467224121
2314.93823764468	35.2237777709961
2317.19181641789	29.6935787200928
2319.44472450311	34.0889854431152
2321.69696217797	30.3198146820068
2323.94852971996	29.427095413208
2326.19942740641	38.7140579223633
2328.4496555145	35.2954711914063
2330.69921432126	35.228702545166
2332.94810410355	32.5547828674316
2335.19632513812	30.3146171569824
2337.44387770152	30.3853054046631
2339.69076207017	34.5783195495605
2341.93697852034	31.7925662994385
2344.18252732816	31.3586139678955
2346.42740876956	33.0551948547363
2348.67162312038	29.1554946899414
2350.91517065627	31.6650161743164
2353.15805165273	34.1001281738281
2355.40026638514	29.6657466888428
2357.64181512868	28.4848327636719
2359.88269815841	24.9426288604736
2362.12291574924	34.7768363952637
2364.36246817593	31.2169494628906
2366.60135571307	32.6072616577148
2368.83957863512	31.1608619689941
2371.07713721636	28.549898147583
2373.31403173097	28.3972988128662
2375.55026245293	30.0473575592041
2377.78582965609	32.9590454101563
2380.02073361416	37.7225761413574
2382.25497460068	32.1084098815918
2384.48855288905	23.2968730926514
2386.72146875252	20.9437217712402
2388.95372246419	21.2456741333008
2391.18531429702	24.5633506774902
2393.41624452379	31.3066349029541
2395.64651341716	29.0656776428223
2397.87612124963	27.7093105316162
2400.10506829356	35.0899963378906
2402.33335482115	32.459114074707
2404.56098110445	30.3521862030029
2406.78794741536	27.6380596160889
2409.01425402565	27.4096088409424
2411.23990120692	26.164134979248
2413.46488923062	26.2540721893311
2415.68921836807	28.2941913604736
2417.91288889044	28.7188873291016
2420.13590106872	23.8396911621094
2422.35825517379	25.2548999786377
2424.57995147637	21.8088245391846
2426.80099024703	20.9358577728271
2429.02137175617	24.7835521697998
2431.24109627409	30.1142234802246
2433.4601640709	25.2802810668945
2435.67857541658	22.7817783355713
2437.89633058096	23.7744197845459
2440.11342983373	24.4221382141113
2442.32987344441	31.5528221130371
2444.5456616824	24.7156352996826
2446.76079481694	24.2466659545898
2448.97527311713	25.2852249145508
2451.1890968519	23.2411708831787
2453.40226629007	27.8358097076416
2455.61478170027	22.4297847747803
2457.82664335103	21.4165439605713
2460.0378515107	19.8616714477539
2462.24840644749	21.5520439147949
2464.45830842948	22.0778274536133
2466.66755772458	22.3898410797119
2468.87615460057	25.5372791290283
2471.08409932508	21.7332229614258
2473.29139216559	23.5678596496582
2475.49803338944	19.86083984375
2477.70402326382	25.0056266784668
2479.90936205578	26.2645244598389
2482.11405003221	19.8834095001221
2484.31808745988	20.1245975494385
2486.52147460539	18.8569049835205
2488.7242117352	21.5557727813721
2490.92629911565	18.9835052490234
2493.1277370129	21.5581035614014
2495.32852569297	15.6320505142212
2497.52866542176	22.7709007263184
2499.72815646501	26.0484294891357
2501.92699908831	24.5875988006592
2504.12519355711	19.7244567871094
2506.32274013671	17.4180450439453
2508.51963909229	25.569974899292
2510.71589068886	18.9179515838623
2512.91149519128	18.6095428466797
2515.10645286429	20.7266902923584
2517.30076397249	21.3513736724854
2519.49442878029	22.9425888061523
2521.68744755202	20.1069355010986
2523.87982055182	17.0082950592041
2526.07154804369	23.2614688873291
2528.26263029152	24.5467433929443
2530.45306755902	19.9543113708496
2532.64286010977	18.9513664245605
2534.83200820721	17.2100467681885
2537.02051211463	21.5500354766846
2539.20837209519	24.9221420288086
2541.3955884119	24.5066795349121
2543.58216132762	22.8774452209473
2545.76809110507	19.3704872131348
2547.95337800684	16.3218746185303
2550.13802229536	17.4447250366211
2552.32202423292	19.8291931152344
2554.50538408169	20.3195419311523
2556.68810210368	19.3338146209717
2558.87017856074	24.962158203125
2561.05161371461	25.1472091674805
2563.23240782688	23.0693016052246
2565.41256115899	24.5972862243652
2567.59207397224	21.5507793426514
2569.77094652778	18.7167491912842
2571.94917908665	15.9312047958374
2574.1267719097	21.243371963501
2576.30372525769	22.7843475341797
2578.48003939121	20.1935081481934
2580.6557145707	21.2741146087646
2582.83075105649	27.419620513916
2585.00514910874	23.3185520172119
2587.17890898749	21.0200939178467
2589.35203095261	13.442234992981
2591.52451526387	18.9129123687744
2593.69636218087	22.4812335968018
2595.86757196308	22.5898838043213
2598.03814486983	24.1240768432617
2600.2080811603	26.0510406494141
2602.37738109354	23.206823348999
2604.54604492847	19.2799415588379
2606.71407292383	23.9261665344238
2608.88146533828	18.7192420959473
2611.04822243028	20.7083625793457
2613.2143444582	21.6967926025391
2615.37983168023	21.0615997314453
2617.54468435445	23.3765335083008
2619.70890273878	19.1333904266357
2621.87248709102	25.1464023590088
2624.03543766881	27.8144798278809
2626.19775472968	28.2851409912109
2628.35943853098	26.0884590148926
2630.52048932996	18.7763137817383
2632.68090738371	23.3979187011719
2634.84069294918	25.3303146362305
2636.99984628319	24.7538185119629
2639.15836764243	27.5454902648926
2641.31625728342	26.7954845428467
2643.47351546258	21.2251281738281
2645.63014243616	25.3262042999268
2647.7861384603	33.1069221496582
2649.94150379098	31.0508861541748
2652.09623868404	29.3548069000244
2654.2503433952	27.0842800140381
2656.40381818004	22.3048496246338
2658.55666329398	28.0329303741455
2660.70887899234	26.6455535888672
2662.86046553026	24.1919231414795
2665.01142316277	23.9998874664307
2667.16175214476	23.5120716094971
2669.31145273097	31.7202949523926
2671.46052517602	35.354061126709
2673.60896973438	29.1018562316895
2675.75678666038	24.6850357055664
2677.90397620824	28.4068603515625
2680.05053863201	30.3411197662354
2682.19647418561	29.5205764770508
2684.34178312285	28.1911354064941
2686.48646569736	26.6806640625
2688.63052216267	26.0875225067139
2690.77395277217	28.4936962127686
2692.91675777909	30.9975242614746
2695.05893743654	33.2383689880371
2697.2004919975	35.0358695983887
2699.34142171481	31.5703945159912
2701.48172684115	33.710765838623
2703.6214076291	34.3914260864258
2705.76046433108	30.2025279998779
2707.8988971994	36.6358795166016
2710.03670648621	40.5603294372559
2712.17389244352	34.9431076049805
2714.31045532323	39.9727096557617
2716.44639537709	44.542594909668
2718.58171285672	47.1527633666992
2720.71640801359	47.565502166748
2722.85048109905	50.5513191223145
2724.98393236433	57.8151016235352
2727.11676206048	56.5781860351563
2729.24897043846	54.6520385742188
2731.38055774907	52.1514053344727
2733.51152424299	46.5271301269531
2735.64187017075	44.3857460021973
2737.77159578276	44.5469398498535
2739.90070132929	40.6582298278809
2742.02918706047	36.7524261474609
2744.15705322631	44.468879699707
2746.28430007667	41.7583770751953
2748.4109278613	38.8340492248535
2750.53693682978	38.5647583007813
2752.66232723158	32.8029518127441
2754.78709931605	34.4502792358398
2756.91125333237	37.8837738037109
2759.03478952961	33.3657150268555
2761.15770815671	32.0928649902344
2763.28000946246	33.9832344055176
2765.40169369554	28.2335529327393
2767.52276110447	33.2044639587402
2769.64321193765	39.3549880981445
2771.76304644335	36.0293807983398
2773.88226486972	33.8588180541992
2776.00086746473	29.6383361816406
2778.11885447628	30.4253673553467
2780.23622615208	34.4083786010742
2782.35298273975	31.095588684082
2784.46912448676	28.2329120635986
2786.58465164044	29.4023017883301
2788.69956444801	36.4808197021484
2790.81386315654	36.7553253173828
2792.92754801298	37.4225540161133
2795.04061926412	38.4825172424316
2797.15307715666	35.558162689209
2799.26492193713	37.3052101135254
2801.37615385197	40.2646484375
2803.48677314744	35.4446678161621
2805.5967800697	39.9682502746582
2807.70617486478	44.1714401245117
2809.81495777856	47.8820991516113
2811.9231290568	46.7231636047363
2814.03068894513	54.7766456604004
2816.13763768905	58.4523429870605
2818.24397553392	59.9633865356445
2820.34970272498	64.2524108886719
2822.45481950733	67.8193740844727
2824.55932612594	67.8364562988281
2826.66322282567	74.3118057250977
2828.76650985121	89.7864379882813
2830.86918744715	100.735748291016
2832.97125585794	109.995834350586
2835.0727153279	118.697769165039
2837.17356610123	130.694107055664
2839.27380842199	149.427383422852
2841.37344253409	177.209167480469
2843.47246868136	224.186904907227
2845.57088710745	268.786865234375
2847.66869805592	316.074615478516
2849.76590177016	377.230499267578
2851.86249849346	417.041412353516
2853.95848846898	432.408935546875
2856.05387193974	430.824920654297
2858.14864914863	417.207397460938
2860.24282033842	421.835052490234
2862.33638575174	420.429168701172
2864.4293456311	424.309417724609
2866.52170021888	444.025024414063
2868.61344975732	460.453033447266
2870.70459448855	456.798309326172
2872.79513465455	498.995330810547
2874.8850704972	535.716247558594
2876.97440225822	554.321533203125
2879.06313017921	545.975341796875
2881.15125450166	564.415405273438
2883.23877546692	566.70703125
2885.3256933162	558.145629882813
2887.4120082906	592.894775390625
2889.49772063108	595.725219726563
2891.58283057849	581.800842285156
2893.66733837352	577.859436035156
2895.75124425675	595.540161132813
2897.83454846866	614.367614746094
2899.91725124955	605.046875
2901.99935283963	594.545043945313
2904.08085347896	607.091613769531
2906.1617534075	621.50634765625
2908.24205286505	618.371154785156
2910.32175209131	603.874572753906
2912.40085132584	622.549377441406
2914.47935080807	651.813598632813
2916.55725077732	665.437683105469
2918.63455147275	667.356201171875
2920.71125313344	689.191833496094
2922.7873559983	681.699096679688
2924.86286030613	715.172668457031
2926.93776629561	756.448791503906
2929.0120742053	747.478271484375
2931.0857842736	737.966125488281
2933.15889673883	779.043273925781
2935.23141183914	790.029602050781
2937.30332981258	773.523315429688
2939.37465089706	767.040832519531
2941.44537533039	742.426574707031
2943.51550335022	709.467224121094
2945.58503519409	685.507080078125
2947.65397109943	655.857788085938
2949.72231130351	637.961730957031
2951.7900560435	603.097717285156
2953.85720555644	561.233032226563
2955.92376007925	559.924926757813
2957.9897198487	560.435791015625
2960.05508510147	547.421325683594
2962.11985607408	539.8486328125
2964.18403300295	535.307983398438
2966.24761612437	511.373199462891
2968.3106056745	464.716278076172
2970.37300188938	477.206237792969
2972.43480500492	466.433074951172
2974.4960152569	456.987091064453
2976.556632881	455.573089599609
2978.61665811275	451.86328125
2980.67609118757	427.185516357422
2982.73493234074	401.720062255859
2984.79318180744	393.680114746094
2986.8508398227	383.672180175781
2988.90790662146	372.171691894531
2990.96438243849	352.490142822266
2993.02026750847	338.545501708984
2995.07556206595	333.190246582031
2997.13026634535	315.932647705078
2999.18438058097	316.575927734375
3001.23790500699	322.087280273438
3003.29083985746	302.917541503906
3005.34318536631	297.009307861328
3007.39494176734	317.69873046875
3009.44610929424	322.911956787109
3011.49668818057	325.091674804688
3013.54667865977	341.58203125
3015.59608096514	324.104461669922
3017.64489532989	322.199920654297
3019.69312198707	324.114196777344
3021.74076116964	309.585174560547
3023.78781311041	303.612731933594
3025.8342780421	296.196960449219
3027.88015619727	283.140991210938
3029.92544780837	259.281005859375
3031.97015310775	259.731719970703
3034.01427232762	263.083374023438
3036.05780570006	264.712860107422
3038.10075345705	269.636688232422
3040.14311583042	274.576171875
3042.1848930519	274.400115966797
3044.22608535308	285.305236816406
3046.26669296546	296.619415283203
3048.30671612039	308.588653564453
3050.3461550491	299.458709716797
3052.3850099827	307.623077392578
3054.4232811522	311.016174316406
3056.46096878846	329.293731689453
3058.49807312224	331.324615478516
3060.53459438416	336.158020019531
3062.57053280473	332.908752441406
3064.60588861434	339.166778564453
3066.64066204326	347.424102783203
3068.67485332163	354.287231445313
3070.70846267948	358.313507080078
3072.74149034671	356.748809814453
3074.7739365531	359.462127685547
3076.80580152832	379.272888183594
3078.83708550191	382.902618408203
3080.86778870329	377.843048095703
3082.89791136177	384.561401367188
3084.92745370652	394.082214355469
3086.95641596661	358.594116210938
3088.98479837097	358.400299072266
3091.01260114844	375.681091308594
3093.03982452771	412.20703125
3095.06646873737	418.846923828125
3097.09253400586	413.50244140625
3099.11802056155	414.173583984375
3101.14292863265	432.171813964844
3103.16725844726	429.497100830078
3105.19101023337	434.952758789063
3107.21418421884	462.981414794922
3109.23678063142	465.878173828125
3111.25879969873	479.02001953125
3113.28024164829	518.73486328125
3115.30110670747	503.416168212891
3117.32139510355	525.391662597656
3119.34110706367	529.841918945313
3121.36024281487	524.242126464844
3123.37880258406	521.1005859375
3125.39678659804	540.3681640625
3127.41419508347	571.405334472656
3129.43102826693	620.409057617188
3131.44728637483	614.723266601563
3133.46296963351	591.184448242188
3135.47807826917	605.415222167969
3137.49261250789	614.481323242188
3139.50657257563	650.202392578125
3141.51995869824	686.348876953125
3143.53277110146	672.379760742188
3145.54501001089	661.541137695313
3147.55667565202	701.832641601563
3149.56776825024	708.779174804688
3151.5782880308	740.298889160156
3153.58823521884	750.11279296875
3155.59761003939	703.958557128906
3157.60641271735	714.262756347656
3159.61464347751	753.090637207031
3161.62230254454	777.835693359375
3163.62939014299	804.448913574219
3165.63590649731	756.50390625
3167.64185183181	751.738464355469
3169.64722637069	814.693542480469
3171.65203033805	822.074035644531
3173.65626395785	848.027465820313
3175.65992745394	846.750610351563
3177.66302105006	868.669738769531
3179.66554496983	867.948791503906
3181.66749943675	878.587524414063
3183.66888467421	904.192749023438
3185.66970090547	890.502136230469
3187.6699483537	895.548400878906
3189.66962724193	939.241394042969
3191.66873779308	938.671447753906
3193.66728022996	917.452880859375
3195.66525477525	978.9140625
3197.66266165154	1019.50543212891
3199.65950108127	980.612548828125
3201.65577328679	943.308959960938
3203.65147849034	957.578308105469
3205.646616914	999.010803222656
3207.64118877979	1007.65570068359
3209.63519430958	1017.74224853516
3211.62863372515	1057.02478027344
3213.62150724812	1039.97875976563
3215.61381510005	1003.52203369141
3217.60555750235	1048.16284179688
3219.59673467632	1103.44213867188
3221.58734684315	1060.32727050781
3223.57739422392	1061.35900878906
3225.56687703959	1089.0458984375
3227.55579551099	1022.91217041016
3229.54414985887	1000.44976806641
3231.53194030382	1053.80627441406
3233.51916706637	1120.40795898438
3235.50583036689	1125.72985839844
3237.49193042565	1068.72338867188
3239.47746746281	1082.83068847656
3241.46244169841	1090.03564453125
3243.44685335239	1105.76440429688
3245.43070264455	1090.68896484375
3247.4139897946	1098.6455078125
3249.39671502213	1145.17492675781
3251.3788785466	1135.7529296875
3253.36048058739	1103.52673339844
3255.34152136372	1099.59484863281
3257.32200109474	1115.18676757813
3259.30191999947	1119.17114257813
3261.2812782968	1134.54833984375
3263.26007620554	1067.36730957031
3265.23831394435	1075.34924316406
3267.2159917318	1125.31420898438
3269.19310978635	1121.78637695313
3271.16966832633	1125.43798828125
3273.14566756997	1161.47424316406
3275.12110773538	1175.86206054688
3277.09598904056	1158.33923339844
3279.07031170339	1085.25
3281.04407594166	1080.94689941406
3283.01728197302	1116.46252441406
3284.98993001502	1148.42004394531
3286.96202028509	1096.50793457031
3288.93355300057	1046.82434082031
3290.90452837865	1082.30407714844
3292.87494663645	1128.01232910156
3294.84480799094	1184.24438476563
3296.81411265901	1168.29541015625
3298.78286085741	1132.37829589844
3300.75105280279	1139.83752441406
3302.71868871169	1104.09912109375
3304.68576880055	1122.49914550781
3306.65229328567	1097.50500488281
3308.61826238325	1137.64123535156
3310.58367630939	1104.54699707031
3312.54853528007	1117.50952148438
3314.51283951115	1099.47106933594
3316.47658921839	1096.07104492188
3318.43978461745	1111.88342285156
3320.40242592384	1158.60754394531
3322.364513353	1158.41296386719
3324.32604712023	1123.80749511719
3326.28702744073	1092.35437011719
3328.24745452961	1109.39208984375
3330.20732860182	1151.59301757813
3332.16664987225	1150.62915039063
3334.12541855565	1137.33642578125
3336.08363486666	1142.79711914063
3338.04129901982	1154.109375
3339.99841122955	1157.94555664063
3341.95497171018	1153.73168945313
3343.91098067589	1160.56604003906
3345.86643834079	1148.25219726563
3347.82134491886	1143.85534667969
3349.77570062398	1188.32653808594
3351.7295056699	1202.49658203125
3353.68276027027	1197.50158691406
3355.63546463865	1134.65344238281
3357.58761898846	1130.02307128906
3359.53922353302	1143.34265136719
3361.49027848556	1203.20227050781
3363.44078405916	1252.84814453125
3365.39074046683	1238.57495117188
3367.34014792145	1213.92395019531
3369.2890066358	1204.61645507813
3371.23731682253	1206.81616210938
3373.18507869421	1229.84313964844
3375.13229246328	1232.15588378906
3377.07895834208	1174.73852539063
3379.02507654284	1189.04968261719
3380.97064727767	1194.19604492188
3382.91567075858	1181.095703125
3384.86014719748	1168.01098632813
3386.80407680616	1172.56481933594
3388.7474597963	1185.56030273438
3390.69029637947	1167.06311035156
3392.63258676714	1144.51599121094
3394.57433117068	1137.59106445313
3396.51552980132	1185.22253417969
3398.4561828702	1261.70581054688
3400.39629058836	1232.49951171875
3402.33585316673	1194.80065917969
3404.27487081611	1228.69104003906
3406.21334374721	1243.51513671875
3408.15127217064	1217.33825683594
3410.08865629688	1172.48852539063
3412.02549633631	1162.98217773438
3413.96179249922	1184.73718261719
3415.89754499577	1206.22094726563
3417.832754036	1224.47436523438
3419.76741982989	1207.09582519531
3421.70154258727	1200.91296386719
3423.63512251788	1159.54907226563
3425.56815983135	1165.0859375
3427.50065473719	1148.24487304688
3429.43260744483	1139.79650878906
3431.36401816356	1194.82263183594
3433.29488710259	1218.51184082031
3435.22521447102	1165.97082519531
3437.15500047782	1138.33862304688
3439.08424533188	1200.03344726563
3441.01294924196	1187.48156738281
3442.94111241673	1126.76501464844
3444.86873506474	1109.94897460938
3446.79581739446	1118.82080078125
3448.72235961422	1155.18347167969
3450.64836193226	1155.60302734375
3452.57382455672	1140.40649414063
3454.4987476956	1075.82409667969
3456.42313155685	1097.59326171875
3458.34697634825	1095.64025878906
3460.27028227754	1079.57153320313
3462.19304955228	1107.66613769531
3464.11527838	1094.07116699219
3466.03696896807	1110.31164550781
3467.95812152377	1093.82971191406
3469.87873625428	1041.0517578125
3471.79881336667	1013.27319335938
3473.71835306789	968.411682128906
3475.63735556482	1003.68054199219
3477.5558210642	1055.66162109375
3479.47374977267	1027.87133789063
3481.39114189679	1012.49816894531
3483.30799764298	1008.99298095703
3485.22431721758	1071.02807617188
3487.14010082681	1019.76708984375
3489.05534867678	955.702026367188
3490.97006097353	910.0458984375
3492.88423792295	884.06103515625
3494.79787973085	906.067138671875
3496.71098660292	874.842834472656
3498.62355874477	848.871826171875
3500.53559636189	884.637634277344
3502.44709965965	882.468200683594
3504.35806884334	837.6748046875
3506.26850411813	860.585571289063
3508.1784056891	827.233215332031
3510.08777376121	777.584838867188
3511.99660853933	759.90283203125
3513.9049102282	771.842834472656
3515.81267903249	770.84765625
3517.71991515675	727.769592285156
3519.62661880542	709.379272460938
3521.53279018283	738.840393066406
3523.43842949324	716.726989746094
3525.34353694076	721.202880859375
3527.24811272943	696.497497558594
3529.15215706318	721.840393066406
3531.05567014582	702.461242675781
3532.95865218107	650.327087402344
3534.86110337256	629.04443359375
3536.76302392378	610.842956542969
3538.66441403814	648.427490234375
3540.56527391896	640.929138183594
3542.46560376942	594.331665039063
3544.36540379263	590.126586914063
3546.26467419157	559.625732421875
3548.16341516915	539.369750976563
3550.06162692814	544.096557617188
3551.95930967123	546.052001953125
3553.85646360101	537.875366210938
3555.75308891994	540.402893066406
3557.64918583041	523.4541015625
3559.54475453469	492.684753417969
3561.43979523495	475.029235839844
3563.33430813326	490.618743896484
3565.22829343157	491.551666259766
3567.12175133176	495.582092285156
3569.01468203558	464.890258789063
3570.90708574469	441.886138916016
3572.79896266065	416.864715576172
3574.6903129849	424.317810058594
3576.5811369188	431.245513916016
3578.4714346636	451.409973144531
3580.36120642044	427.196502685547
3582.25045239037	416.137908935547
3584.13917277433	407.848907470703
3586.02736777315	381.788513183594
3587.91503758759	360.137115478516
3589.80218241827	339.845520019531
3591.68880246574	338.897247314453
3593.57489793042	350.58740234375
3595.46046901265	329.571807861328
3597.34551591265	293.129058837891
3599.23003883056	299.078918457031
3601.11403796641	334.634460449219
3602.99751352012	318.959564208984
3604.88046569152	301.578887939453
3606.76289468033	285.984222412109
3608.64480068617	278.503356933594
3610.52618390856	260.316741943359
3612.40704454694	242.342361450195
3614.28738280061	249.678558349609
3616.1671988688	243.685974121094
3618.04649295063	237.167938232422
3619.9252652451	228.288314819336
3621.80351595115	240.620956420898
3623.68124526759	245.083862304688
3625.55845339313	210.939270019531
3627.43514052639	185.679061889648
3629.31130686588	176.647491455078
3631.18695261002	172.188781738281
3633.06207795712	173.598022460938
3634.93668310541	155.317840576172
3636.81076825298	143.971221923828
3638.68433359786	134.623687744141
3640.55737933796	145.865463256836
3642.4299056711	143.237411499023
3644.30191279499	122.674095153809
3646.17340090724	99.7000350952148
3648.04437020536	85.8562393188477
3649.91482088678	92.814826965332
3651.78475314881	92.6741256713867
3653.65416718867	78.663703918457
3655.52306320347	64.8491058349609
3657.39144139022	44.968017578125
3659.25930194585	36.4302940368652
3661.12664506718	50.3998832702637
3662.99347095091	40.2210273742676
3664.85977979368	26.2707805633545
3666.725571792	26.9261741638184
3668.5908471423	22.0561122894287
3670.45560604089	14.0212059020996
3672.319848684	5.70668315887451
