-135.265781677808	-356.244293212891
-132.236709759276	-355.644134521484
-129.208653760716	-355.846038818359
-126.181613199586	-356.132293701172
-123.155587593635	-356.649169921875
-120.130576460916	-357.138153076172
-117.106579319789	-356.956420898438
-114.083595688923	-355.954223632813
-111.061625087294	-356.131652832031
-108.040667034172	-356.257446289063
-105.020721049135	-355.987945556641
-102.001786652066	-356.438842773438
-98.9838633631476	-356.528564453125
-95.9669507028802	-356.957763671875
-92.9510481920504	-356.617584228516
-89.9361553517448	-356.239318847656
-86.9222717033693	-356.418212890625
-83.9093967686252	-356.103271484375
-80.8975300695124	-356.018920898438
-77.8866711283294	-356.022338867188
-74.8768194676892	-356.174774169922
-71.8679746104908	-355.299346923828
-68.8601360799475	-355.736145019531
-65.8533033995658	-356.267578125
-62.8474760931499	-355.607849121094
-59.8426536848132	-355.491729736328
-56.8388356989659	-355.061981201172
-53.8360216603152	-354.563568115234
-50.8342110938685	-354.282196044922
-47.8334035249377	-353.877746582031
-44.8335984791267	-353.016815185547
-41.834795482347	-351.920593261719
-38.8369940607979	-351.446105957031
-35.8401937409818	-350.559417724609
-32.8443940497084	-350.53271484375
-29.8495945140702	-348.913482666016
-26.8557946614661	-346.892242431641
-23.8629940195937	-344.992828369141
-20.8711921164406	-340.725433349609
-17.8803884803003	-336.695465087891
-14.8905826397601	-321.569580078125
-11.9017741236966	-262.137023925781
-8.9139624612918	157.371047973633
-5.92714718202052	2624.35571289063
-2.94132781565444	6341.40283203125
0.0434961077382248	6706.53125
3.02732505780103	3691.60717773438
6.01015950386537	640.036499023438
8.99199991499091	-233.48567199707
11.9728467599297	-330.721527099609
14.9527005071342	-344.385284423828
17.9315616247742	-348.640289306641
20.909430580716	-350.792602539063
23.8863078425397	-351.461303710938
26.8621938775227	-352.068145751953
29.8370891526562	-353.368286132813
32.8109941346455	-352.8173828125
35.783909289882	-352.939422607422
38.7558350844837	-352.860107421875
41.7267719842672	-353.06591796875
44.6967204547641	-352.274475097656
47.665680961197	-351.016540527344
50.6336539685201	-350.921142578125
53.600639941379	-347.767364501953
56.5666393441393	-335.721801757813
59.5316526408625	-293.335479736328
62.4956802953306	-174.023422241211
65.4587227710298	71.83349609375
68.4207805311594	454.888244628906
71.3818540386274	891.780395507813
74.3419437560472	1304.95874023438
77.3010501457494	1576.74340820313
80.2591736697664	1664.62377929688
83.2163147898564	1706.55224609375
86.1724739674758	1721.052734375
89.1276516637912	1700.44519042969
92.0818483396878	1696.21911621094
95.0350644557615	1597.17724609375
97.9873004723194	1471.22424316406
100.938556849376	1404.53063964844
103.888834046664	1357.92590332031
106.83813252363	1296.662109375
109.786452739426	1246.26928710938
112.733795152917	1208.25817871094
115.680160222699	1178.73071289063
118.625548407052	1181.89758300781
121.569960163999	1174.09252929688
124.513395951254	1159.07006835938
127.45585622626	1117.42919921875
130.397341446169	1078.36047363281
133.337852067845	1057.61877441406
136.277388547871	1043.66003417969
139.215951342542	1041.26635742188
142.153540907874	1011.68292236328
145.090157699595	1006.47760009766
148.025802173138	992.871398925781
150.960474783674	990.330444335938
153.89417598607	978.089416503906
156.826906234926	940.699279785156
159.758665984545	905.588562011719
162.689455688947	884.390075683594
165.619275801883	876.321350097656
168.548126776814	862.171630859375
171.476009066906	848.049560546875
174.402923125057	805.390747070313
177.328869403886	762.875305175781
180.253848355719	744.829833984375
183.177860432609	735.662475585938
186.100906086319	725.250732421875
189.022985768336	707.431518554688
191.944099929863	690.184143066406
194.864249021832	661.440795898438
197.783433494883	636.745666503906
200.701653799384	623.139465332031
203.618910385413	596.690246582031
206.535203702774	577.853881835938
209.450534200994	575.548706054688
212.364902329318	556.835815429688
215.278308536712	512.443298339844
218.190753271859	479.262176513672
221.102236983173	448.428527832031
224.012760118779	421.398162841797
226.922323126528	405.837738037109
229.830926453993	385.556793212891
232.738570548467	391.990631103516
235.645255856972	383.404632568359
238.550982826246	349.125274658203
241.455751902746	325.968902587891
244.359563532666	315.268829345703
247.262418161907	291.399291992188
250.164316236108	278.203674316406
253.06525820062	271.301208496094
255.965244500518	253.161117553711
258.864275580614	225.157608032227
261.762351885427	203.481216430664
264.659473859216	204.502578735352
267.555641945957	197.517669677734
270.45085658935	193.781616210938
273.345118232815	177.182113647461
276.238427319512	153.549163818359
279.130784292319	136.971115112305
282.022189593831	135.128326416016
284.912643666385	129.735015869141
287.802146952034	128.396636962891
290.690699892558	122.004371643066
293.578302929465	110.401733398438
296.464956503989	104.854042053223
299.350661057098	103.939521789551
302.235417029471	106.882637023926
305.119224861536	110.81950378418
308.002084993427	117.103782653809
310.88399786502	145.585891723633
313.76496391592	201.830368041992
316.644983585446	305.633209228516
319.524057312657	464.021575927734
322.402185536344	598.743774414063
325.27936869502	599.616149902344
328.155607226924	453.067321777344
331.030901570028	296.845489501953
333.90525216204	187.610534667969
336.778659440391	126.893119812012
339.651123842242	103.128547668457
342.52264580448	86.4325256347656
345.393225763731	73.7846145629883
348.262864156352	75.0419769287109
351.131561418424	71.4086532592773
353.999317985763	64.0275421142578
356.866134293912	59.1095008850098
359.732010778147	66.7225646972656
362.596947873477	64.8667526245117
365.460946014648	59.3039169311523
368.324005636133	53.0137062072754
371.186127172134	60.0232925415039
374.047311056585	62.6524085998535
376.907557723163	63.350040435791
379.766867605264	67.8440856933594
382.62524113603	66.8351898193359
385.482678748326	62.0717010498047
388.339180874756	63.4719467163086
391.194747947659	56.4441108703613
394.049380399102	46.6480331420898
396.903078660893	55.4918899536133
399.755843164565	67.0777359008789
402.607674341392	65.0926208496094
405.458572622387	61.4549102783203
408.308538438289	65.8993225097656
411.157572219577	64.4462432861328
414.005674396461	64.4358139038086
416.852845398891	65.8407974243164
419.699085656558	70.1170349121094
422.544395598872	67.3460922241211
425.388775654992	68.0450057983398
428.232226253813	67.4722747802734
431.074747823968	62.4170455932617
433.916340793817	63.4030609130859
436.75700559146	69.049430847168
439.596742644748	61.213264465332
442.435552381246	58.0441970825195
445.273435228277	62.6035270690918
448.110391612888	63.5578231811523
450.946421961873	64.920768737793
453.781526701766	72.651496887207
456.615706258824	71.7500305175781
459.448961059057	59.5463180541992
462.281291528209	69.3090286254883
465.112698091761	73.9667510986328
467.943181174944	76.2643661499023
470.772741202705	69.0420455932617
473.60137859976	64.3303527832031
476.429093790544	70.1055145263672
479.255887199234	76.557991027832
482.081759249756	72.4394760131836
484.90671036577	65.195556640625
487.730740970679	68.2854385375977
490.553851487622	69.8519287109375
493.376042339492	76.0855178833008
496.197313948902	74.1630706787109
499.017666738225	69.2138900756836
501.837101129568	67.5644454956055
504.65561754478	74.5344772338867
507.47321640545	67.0559844970703
510.289898132913	67.7003479003906
513.105663148248	63.5152206420898
515.920511872273	63.3441352844238
518.734444725542	63.0986404418945
521.547462128367	62.1393013000488
524.359564500792	64.5885391235352
527.170752262605	63.7729072570801
529.981025833341	66.267219543457
532.790385632282	60.6735229492188
535.598832078445	62.2230949401855
538.406365590597	57.4329681396484
541.212986587249	64.8847503662109
544.018695486652	66.4729995727539
546.823492706806	69.9596481323242
549.627378665461	63.752815246582
552.4303537801	56.927375793457
555.232418467959	59.8914337158203
558.033573146012	60.638240814209
560.833818230998	60.7596054077148
563.633154139377	61.3031311035156
566.431581287368	58.7722663879395
569.229100090937	59.888053894043
572.02571096579	63.2763748168945
574.821414327391	59.7671279907227
577.616210590935	61.6256256103516
580.410100171381	56.3416900634766
583.20308348342	61.0581550598145
585.995160941501	58.3532447814941
588.78633295981	58.1997375488281
591.576599952298	55.7745552062988
594.365962332643	47.9007835388184
597.15442051429	46.8301315307617
599.941974910419	57.8483085632324
602.728625933962	58.642391204834
605.514373997606	62.1579513549805
608.29921951378	56.4970321655273
611.083162894665	52.8773307800293
613.866204552186	44.5029182434082
616.648344898032	46.8567962646484
619.429584343623	41.8437004089355
622.209923300141	47.3139915466309
624.989362178515	50.0295677185059
627.767901389424	44.602668762207
630.545541343297	48.3666343688965
633.322282450312	39.1921997070313
636.098125120403	37.5283584594727
638.873069763254	40.9397239685059
641.647116788295	44.8888969421387
644.420266604709	44.3894577026367
647.192519621431	48.5094451904297
649.963876247161	52.0107612609863
652.734336890324	55.512451171875
655.503901959122	41.6811752319336
658.272571861497	43.8298873901367
661.040347005142	47.754467010498
663.807227797514	46.5773696899414
666.573214645815	53.0128898620605
669.338307956992	53.9794006347656
672.102508137759	47.3000144958496
674.865815594584	47.7774620056152
677.628230733677	52.6089973449707
680.389753961008	54.8830833435059
683.150385682309	50.745979309082
685.910126303044	57.8065147399902
688.668976228461	57.0408630371094
691.426935863537	54.0306777954102
694.184005613023	52.129711151123
696.940185881406	45.4399833679199
699.695477072946	42.1814270019531
702.449879591645	55.2667961120605
705.203393841273	56.066780090332
707.95602022534	58.7219924926758
710.707759147133	58.520435333252
713.458611009669	60.866813659668
716.208576215747	70.9108505249023
718.957655167903	70.3361663818359
721.70584826844	64.016960144043
724.453155919412	66.7660903930664
727.199578522641	59.7809028625488
729.945116479687	61.136173248291
732.68977019189	60.7911071777344
735.433540060329	60.8953819274902
738.17642648585	59.3265190124512
740.918429869054	54.4926872253418
743.659550610303	54.3122520446777
746.399789109712	64.6559524536133
749.139145767159	69.0476226806641
751.877620982282	69.9906311035156
754.615215154471	79.2979278564453
757.351928682878	75.6157760620117
760.087761966425	66.9237518310547
762.822715403774	59.1606216430664
765.556789393358	60.0780868530273
768.289984333375	56.914234161377
771.022300621766	53.0364532470703
773.753738656249	50.7508239746094
776.48429883429	49.6287651062012
779.21398155313	56.2009201049805
781.942787209755	52.1951675415039
784.670716200913	54.4618492126465
787.397768923129	59.6540260314941
790.123945772673	51.2750663757324
792.849247145583	55.5188789367676
795.573673437659	52.3344612121582
798.297225044459	50.6401481628418
801.019902361304	51.7896690368652
803.741705783282	48.8102760314941
806.462635705236	51.2257385253906
809.182692521782	46.0190544128418
811.90187662728	49.1732330322266
814.620188415871	51.3753471374512
817.337628281454	51.2444343566895
820.054196617687	50.8213005065918
822.769893817995	53.5617408752441
825.484720275562	62.0507736206055
828.198676383347	61.3428535461426
830.911762534055	56.4787559509277
833.623979120171	51.390495300293
836.335326533941	55.4657592773438
839.045805167365	54.1229820251465
841.755415412218	49.92333984375
844.464157660043	41.3736763000488
847.172032302133	44.8378944396973
849.879039729564	50.2105865478516
852.585180333157	60.257022857666
855.290454503521	59.5860786437988
857.994862631014	57.568473815918
860.698405105765	56.7076225280762
863.401082317674	56.2892417907715
866.102894656396	55.2351112365723
868.803842511364	55.6642303466797
871.503926271772	51.3623657226563
874.203146326576	44.428108215332
876.901503064509	50.3580894470215
879.598996874061	56.4312171936035
882.295628143503	56.3549652099609
884.991397260856	49.8096046447754
887.686304613922	52.4141540527344
890.380350590262	48.7843055725098
893.073535577214	46.7057723999023
895.765859961879	47.2839660644531
898.457324131118	56.1957511901855
901.147928471578	52.8765144348145
903.837673369658	54.8977127075195
906.526559211541	59.4769744873047
909.214586383162	51.3558349609375
911.901755270245	46.398250579834
914.588066258262	46.3932952880859
917.273519732471	53.3171653747559
919.958116077894	56.6018676757813
922.641855679315	56.7133560180664
925.324738921306	65.9543533325195
928.006766188195	64.5357513427734
930.687937864078	60.3112716674805
933.368254332836	65.0258483886719
936.047715978107	63.6318359375
938.726323183309	66.3197021484375
941.404076331622	74.6098785400391
944.080975806004	71.4037017822266
946.75702198919	59.6467514038086
949.432215263668	50.0669364929199
952.106556011714	54.222053527832
954.780044615375	69.8944396972656
957.452681456458	66.0296630859375
960.124466916555	66.9100112915039
962.795401377023	64.7634201049805
965.465485219	55.6986885070801
968.134718823383	59.6308059692383
970.803102570853	65.8998947143555
973.470636841861	69.8393020629883
976.137322016633	60.4048080444336
978.803158475164	63.7528495788574
981.468146597227	55.9174575805664
984.132286762362	59.7081680297852
986.795579349894	61.1453666687012
989.458024738913	63.9705581665039
992.119623308283	69.340202331543
994.780375436653	75.7508850097656
997.440281502432	75.3658828735352
1000.09934188381	76.0219268798828
1002.75755695877	88.5897674560547
1005.41492710503	109.273490905762
1008.07145270011	108.828186035156
1010.72713412132	91.5973815917969
1013.38197174571	69.2919921875
1016.03596595012	60.6840934753418
1018.68911711118	62.0764236450195
1021.34142560529	65.2036666870117
1023.9928918086	62.8141021728516
1026.64351609708	64.6832885742188
1029.29329884644	73.4710540771484
1031.94224043219	82.1842041015625
1034.5903412296	87.7411193847656
1037.23760161373	88.2165908813477
1039.88402195942	84.6990966796875
1042.52960264127	85.7736587524414
1045.17434403366	80.5899124145508
1047.81824651077	72.4199829101563
1050.46131044653	66.481559753418
1053.10353621468	68.6385879516602
1055.7449241887	64.9590682983398
1058.38547474188	70.1777420043945
1061.02518824727	76.2605514526367
1063.66406507771	82.6088790893555
1066.30210560581	87.1070556640625
1068.93931020397	86.6734619140625
1071.57567924436	82.6414489746094
1074.21121309892	81.9361419677734
1076.8459121394	87.5915908813477
1079.4797767373	86.8322601318359
1082.11280726391	91.95068359375
1084.74500409031	101.579513549805
1087.37636758734	102.439804077148
1090.00689812565	98.6404418945313
1092.63659607563	95.2018051147461
1095.26546180749	95.0796966552734
1097.8934956912	93.032600402832
1100.5206980965	91.0911407470703
1103.14706939295	96.9933853149414
1105.77260994985	92.5318908691406
1108.39732013631	86.9549331665039
1111.02120032121	79.1570587158203
1113.6442508732	79.5430450439453
1116.26647216074	82.6979293823242
1118.88786455205	78.6489028930664
1121.50842841514	90.0354232788086
1124.1281641178	93.2044372558594
1126.74707202761	102.621940612793
1129.36515251191	107.046409606934
1131.98240593787	111.549278259277
1134.59883267239	94.0387191772461
1137.21443308217	83.0453491210938
1139.82920753373	75.902473449707
1142.44315639332	66.3584136962891
1145.056280027	64.1682815551758
1147.66857880063	69.6041564941406
1150.28005307981	69.9041366577148
1152.89070322996	71.2382965087891
1155.50052961627	71.0488204956055
1158.10953260374	65.1451950073242
1160.7177125571	62.663516998291
1163.32506984093	63.0119361877441
1165.93160481954	66.4965744018555
1168.53731785706	65.4065246582031
1171.14220931739	66.5819396972656
1173.74627956421	64.9378051757813
1176.34952896102	70.2461700439453
1178.95195787107	77.2281799316406
1181.55356665739	72.7885818481445
1184.15435568284	71.2572860717773
1186.75432531002	72.8825988769531
1189.35347590135	64.314208984375
1191.95180781901	64.0384674072266
1194.54932142499	64.5111618041992
1197.14601708104	66.3581695556641
1199.74189514873	72.2869415283203
1202.33695598941	77.5559921264648
1204.93119996418	76.2333602905273
1207.52462743397	85.2645950317383
1210.11723875949	93.0238800048828
1212.70903430122	98.0145874023438
1215.30001441945	94.9986190795898
1217.89017947424	102.237907409668
1220.47952982544	99.0011444091797
1223.06806583271	98.7475128173828
1225.65578785548	101.378341674805
1228.24269625296	105.992301940918
1230.82879138418	112.007759094238
1233.41407360791	129.326065063477
1235.99854328277	134.583297729492
1238.58220076713	129.922241210938
1241.16504641916	127.234161376953
1243.7470805968	130.056381225586
1246.32830365783	138.926345825195
1248.90871595976	141.537933349609
1251.48831785993	143.93196105957
1254.06710971546	130.611801147461
1256.64509188325	138.441452026367
1259.22226472002	149.652160644531
1261.79862858224	144.359573364258
1264.3741838262	134.924285888672
1266.94893080798	137.421020507813
1269.52286988343	138.14241027832
1272.09600140822	135.605392456055
1274.66832573779	138.456237792969
1277.23984322738	128.552093505859
1279.81055423201	126.804527282715
1282.38045910653	125.594482421875
1284.94955820553	128.799499511719
1287.51785188343	143.188323974609
1290.08534049443	134.835754394531
1292.65202439251	134.149932861328
1295.21790393147	133.385986328125
1297.78297946489	141.846664428711
1300.34725134614	155.038696289063
1302.91071992837	174.679840087891
1305.47338556455	175.783615112305
1308.03524860744	179.540603637695
1310.59630940958	179.352081298828
1313.1565683233	173.551422119141
1315.71602570074	173.261047363281
1318.27468189383	180.3857421875
1320.8325372543	169.435699462891
1323.38959213365	158.002731323242
1325.9458468832	146.277374267578
1328.50130185405	142.715347290039
1331.05595739712	147.078582763672
1333.60981386309	156.686813354492
1336.16287160245	158.723678588867
1338.71513096549	158.332061767578
1341.2665923023	156.872512817383
1343.81725596274	156.426635742188
1346.36712229651	156.810775756836
1348.91619165306	142.405883789063
1351.46446438166	141.633697509766
1354.01194083137	148.208541870117
1356.55862135106	136.0419921875
1359.10450628937	129.739456176758
1361.64959599477	120.11043548584
1364.19389081549	117.644798278809
1366.73739109958	122.492111206055
1369.2800971949	125.359909057617
1371.82200944907	116.761795043945
1374.36312820954	111.119537353516
1376.90345382354	104.058982849121
1379.4429866381	102.954277038574
1381.98172700006	104.108116149902
1384.51967525605	102.540969848633
1387.05683175249	96.9806442260742
1389.5931968356	95.5904846191406
1392.12877085143	96.3772201538086
1394.66355414577	107.565414428711
1397.19754706426	103.012138366699
1399.73074995232	97.7582473754883
1402.26316315517	97.3139419555664
1404.79478701783	98.434326171875
1407.32562188511	96.4322967529297
1409.85566810163	87.3214797973633
1412.38492601182	89.095085144043
1414.91339595988	94.9571533203125
1417.44107828984	101.064170837402
1419.96797334551	99.6066207885742
1422.49408147051	99.9722290039063
1425.01940300826	109.814086914063
1427.54393830198	108.377082824707
1430.06768769469	118.674797058105
1432.5906515292	133.45556640625
1435.11283014814	158.855407714844
1437.63422389394	175.234893798828
1440.1548331088	188.628021240234
1442.67465813477	197.789886474609
1445.19369931367	208.543640136719
1447.71195698711	217.90625
1450.22943149654	225.527389526367
1452.74612318319	228.859481811523
1455.2620323881	214.674560546875
1457.77715945208	206.299224853516
1460.2915047158	200.781051635742
1462.80506851968	197.997589111328
1465.31785120397	174.452270507813
1467.82985310873	159.349151611328
1470.34107457379	149.001159667969
1472.85151593882	135.938903808594
1475.36117754326	122.76781463623
1477.87005972639	111.991325378418
1480.37816282725	100.752258300781
1482.88548718473	91.2615127563477
1485.39203313749	95.4544372558594
1487.897801024	90.960334777832
1490.40279118255	78.3199844360352
1492.90700395122	65.6592178344727
1495.41043966789	65.3250198364258
1497.91309867027	63.300350189209
1500.41498129584	64.6158294677734
1502.9160878819	62.3769149780273
1505.41641876558	56.2400283813477
1507.91597428377	54.6133575439453
1510.41475477319	47.1839599609375
1512.91276057038	48.0607147216797
1515.40999201165	51.9170570373535
1517.90644943313	54.1135368347168
1520.40213317078	57.3372383117676
1522.89704356034	53.9758911132813
1525.39118093735	56.5125160217285
1527.88454563718	52.6273612976074
1530.37713799499	60.5177192687988
1532.86895834575	66.7414016723633
1535.36000702424	68.3528442382813
1537.85028436504	67.7942199707031
1540.33979070255	70.806999206543
1542.82852637097	74.8571929931641
1545.31649170429	79.0910568237305
1547.80368703634	81.0221862792969
1550.29011270074	91.4771118164063
1552.7757690309	96.4422225952148
1555.26065636008	105.64542388916
1557.74477502131	106.263580322266
1560.22812534744	109.082389831543
1562.71070767114	108.71752166748
1565.19252232488	114.832229614258
1567.67356964093	114.579544067383
1570.15384995137	121.891471862793
1572.63336358811	132.074172973633
1575.11211088284	141.637756347656
1577.59009216708	148.26936340332
1580.06730777216	156.002975463867
1582.54375802919	168.831787109375
1585.01944326913	177.157211303711
1587.49436382272	175.448577880859
1589.96852002052	176.753509521484
1592.4419121929	180.177474975586
1594.91454067004	172.033355712891
1597.38640578194	156.674911499023
1599.85750785839	158.088562011719
1602.32784722899	165.223266601563
1604.79742422318	174.800109863281
1607.26623917019	188.866714477539
1609.73429239905	187.062545776367
1612.20158423862	188.659683227539
1614.66811501756	198.532272338867
1617.13388506436	211.670150756836
1619.59889470729	220.273971557617
1622.06314427446	226.136245727539
1624.52663409378	226.080123901367
1626.98936449296	232.636184692383
1629.45133579955	241.81462097168
1631.91254834088	243.863784790039
1634.37300244413	247.038772583008
1636.83269843625	247.397354125977
1639.29163664402	247.572204589844
1641.74981739406	253.325225830078
1644.20724101275	247.608840942383
1646.66390782633	265.701904296875
1649.11981816083	276.073822021484
1651.5749723421	284.316436767578
1654.02937069579	289.443359375
1656.48301354738	298.529357910156
1658.93590122215	301.656158447266
1661.38803404522	302.214874267578
1663.83941234148	289.773529052734
1666.29003643568	283.777648925781
1668.73990665235	274.604858398438
1671.18902331585	254.214340209961
1673.63738675035	236.61962890625
1676.08499727984	220.045288085938
1678.53185522812	203.246368408203
1680.9779609188	190.814727783203
1683.42331467531	175.743576049805
1685.8679168209	169.876403808594
1688.31176767862	154.573791503906
1690.75486757135	138.686111450195
1693.19721682179	125.981986999512
1695.63881575244	117.597511291504
1698.07966468561	104.791206359863
1700.51976394346	95.8419494628906
1702.95911384792	91.2667694091797
1705.39771472077	89.6711044311523
1707.8355668836	92.20458984375
1710.2726706578	75.955696105957
1712.7090263646	73.2985382080078
1715.14463432503	77.7433471679688
1717.57949485994	72.0179901123047
1720.01360829001	68.6190643310547
1722.4469749357	68.2336807250977
1724.87959511734	68.0386734008789
1727.31146915503	66.1701049804688
1729.74259736872	55.8728523254395
1732.17298007816	54.1537475585938
1734.60261760291	52.3325004577637
1737.03151026238	54.1404304504395
1739.45965837577	49.9482536315918
1741.8870622621	43.1267051696777
1744.31372224022	41.971736907959
1746.73963862879	42.449333190918
1749.16481174629	38.7227210998535
1751.58924191102	41.6797027587891
1754.0129294411	41.6297607421875
1756.43587465446	37.5082931518555
1758.85807786886	36.3458976745605
1761.27953940187	35.2582092285156
1763.70025957089	33.6670455932617
1766.12023869314	32.3002319335938
1768.53947708563	28.1509952545166
1770.95797506523	27.8043746948242
1773.3757329486	32.9610290527344
1775.79275105224	34.1584053039551
1778.20902969247	32.7570114135742
1780.62456918539	30.1820392608643
1783.03936984699	30.8790416717529
1785.45343199301	29.4126815795898
1787.86675593906	30.5380268096924
1790.27934200055	28.4489669799805
1792.69119049271	32.7441253662109
1795.1023017306	38.2160568237305
1797.51267602908	33.1198043823242
1799.92231370288	34.6357040405273
1802.33121506648	35.6548309326172
1804.73938043424	29.8711528778076
1807.14681012032	24.5465087890625
1809.55350443869	30.3713932037354
1811.95946370317	35.4308395385742
1814.36468822737	32.122802734375
1816.76917832476	29.9302883148193
1819.17293430859	26.3226699829102
1821.57595649195	23.8373737335205
1823.97824518777	28.5117778778076
1826.37980070877	27.5602130889893
1828.78062336753	29.5302772521973
1831.18071347642	27.3369140625
1833.58007134764	25.952953338623
1835.97869729323	23.5620441436768
1838.37659162503	28.7083873748779
1840.77375465472	30.6233196258545
1843.1701866938	21.782995223999
1845.5658880536	19.9561214447021
1847.96085904524	23.7413272857666
1850.35509997971	29.5298156738281
1852.7486111678	31.2092933654785
1855.14139292012	23.9260406494141
1857.53344554711	25.3569164276123
1859.92476935904	29.583553314209
1862.315364666	26.5991535186768
1864.7052317779	23.5397548675537
1867.09437100448	25.5278453826904
1869.4827826553	33.1143836975098
1871.87046703975	31.5239086151123
1874.25742446706	32.1781692504883
1876.64365524624	32.0975685119629
1879.02915968616	31.8399333953857
1881.41393809553	35.5583229064941
1883.79799078284	38.2289390563965
1886.18131805644	33.4401931762695
1888.5639202245	28.1819000244141
1890.945797595	24.1003036499023
1893.32695047577	31.11376953125
1895.70737917444	30.8481540679932
1898.0870839985	34.7660484313965
1900.46606525522	32.442268371582
1902.84432325174	35.907413482666
1905.22185829501	35.6615180969238
1907.59867069179	36.3610305786133
1909.9747607487	37.4140815734863
1912.35012877217	35.249267578125
1914.72477506844	33.4856452941895
1917.09869994361	34.7898712158203
1919.47190370359	37.0735092163086
1921.84438665411	38.6630744934082
1924.21614910074	38.2728576660156
1926.58719134887	42.2157897949219
1928.95751370374	41.1653442382813
1931.32711647038	38.4820518493652
1933.69599995367	41.3359909057617
1936.06416445833	41.046875
1938.43161028888	38.0160789489746
1940.79833774969	41.2503967285156
1943.16434714495	34.0015296936035
1945.52963877868	36.5211639404297
1947.89421295473	35.4895782470703
1950.25806997678	33.1754875183105
1952.62121014832	41.7319526672363
1954.98363377271	40.6929664611816
1957.3453411531	40.0619659423828
1959.70633259249	37.7232627868652
1962.0666083937	42.1190490722656
1964.42616885939	38.5894660949707
1966.78501429204	38.8011779785156
1969.14314499396	45.8153953552246
1971.5005612673	39.3940315246582
1973.85726341403	34.2309608459473
1976.21325173595	35.0370788574219
1978.5685265347	37.7817535400391
1980.92308811174	40.3595504760742
1983.27693676837	45.7534561157227
1985.63007280571	42.8138236999512
1987.98249652473	39.139274597168
1990.3342082262	37.1992034912109
1992.68520821074	45.1024436950684
1995.03549677882	46.189151763916
1997.3850742307	43.6565895080566
1999.73394086649	39.5047569274902
2002.08209698616	45.4377326965332
2004.42954288946	48.1119956970215
2006.77627887601	51.0547256469727
2009.12230524525	53.9189910888672
2011.46762229644	50.9020919799805
2013.8122303287	51.146858215332
2016.15612964095	47.3812065124512
2018.49932053197	48.5813217163086
2020.84180330036	53.3662033081055
2023.18357824454	46.8243370056152
2025.52464566279	53.9080963134766
2027.86500585321	54.3181381225586
2030.20465911372	60.1837348937988
2032.54360574209	58.7633781433105
2034.88184603592	56.5876770019531
2037.21938029264	60.785888671875
2039.55620880952	57.0212860107422
2041.89233188365	53.3176422119141
2044.22774981197	55.4743194580078
2046.56246289124	62.7123718261719
2048.89647141806	62.9365882873535
2051.22977568886	61.6435470581055
2053.56237599992	60.703987121582
2055.89427264733	57.6553611755371
2058.22546592704	55.7799339294434
2060.5559561348	64.6117477416992
2062.88574356624	71.9160919189453
2065.21482851678	66.8188400268555
2067.5432112817	57.632884979248
2069.87089215612	59.3922462463379
2072.19787143498	62.2057685852051
2074.52414941305	59.7401428222656
2076.84972638495	60.3082542419434
2079.17460264514	62.0870018005371
2081.4987784879	62.4029006958008
2083.82225420736	67.9634323120117
2086.14503009746	64.9863052368164
2088.46710645201	57.3830375671387
2090.78848356463	59.6502723693848
2093.10916172879	61.1689186096191
2095.42914123779	68.3607864379883
2097.74842238477	69.9809417724609
2100.06700546271	64.8729476928711
2102.38489076441	63.6694488525391
2104.70207858252	65.7309722900391
2107.01856920953	63.7718048095703
2109.33436293776	64.3565902709961
2111.64946005936	67.9275054931641
2113.96386086634	73.4641265869141
2116.27756565053	68.8201904296875
2118.59057470358	65.9242935180664
2120.90288831703	63.7321701049805
2123.2145067822	65.8322830200195
2125.52543039029	68.7586669921875
2127.83565943231	64.6983642578125
2130.14519419912	65.4302825927734
2132.45403498141	67.1143188476563
2134.76218206973	65.063346862793
2137.06963575445	69.0086975097656
2139.37639632577	73.18505859375
2141.68246407375	68.6978607177734
2143.98783928827	67.6185302734375
2146.29252225907	67.4436721801758
2148.5965132757	71.6744232177734
2150.89981262758	68.1361389160156
2153.20242060395	65.5499877929688
2155.50433749389	61.9521827697754
2157.80556358631	61.5944290161133
2160.10609917	63.8962669372559
2162.40594453354	65.5855331420898
2164.70509996538	69.3164520263672
2167.00356575379	68.3463973999023
2169.3013421869	67.6719512939453
2171.59842955267	66.3305282592773
2173.89482813889	63.3153419494629
2176.19053823322	67.2182083129883
2178.48556012313	71.7738265991211
2180.77989409593	72.2815322875977
2183.0735404388	65.428352355957
2185.36649943873	66.6633224487305
2187.65877138257	65.6734848022461
2189.950356557	69.105094909668
2192.24125524855	68.9241485595703
2194.53146774358	67.1476516723633
2196.8209943283	65.6225280761719
2199.10983528875	59.7671661376953
2201.39799091083	59.2278175354004
2203.68546148027	60.4772415161133
2205.97224728264	64.1311111450195
2208.25834860335	67.4921417236328
2210.54376572766	64.7372055053711
2212.82849894068	59.2200393676758
2215.11254852733	56.008674621582
2217.3959147724	67.3309936523438
2219.67859796052	66.0724868774414
2221.96059837614	65.8170318603516
2224.24191630359	60.8129653930664
2226.52255202702	55.9740905761719
2228.80250583041	60.3661766052246
2231.08177799761	59.4109992980957
2233.36036881229	58.2786140441895
2235.63827855799	59.6628875732422
2237.91550751806	64.6454772949219
2240.19205597571	67.532470703125
2242.46792421401	61.8681182861328
2244.74311251584	57.849681854248
2247.01762116394	57.7288665771484
2249.2914504409	58.4444274902344
2251.56460062916	58.3909568786621
2253.83707201097	60.4323577880859
2256.10886486845	64.6707153320313
2258.37997948356	61.9631233215332
2260.65041613812	63.5579109191895
2262.92017511375	62.0299072265625
2265.18925669197	54.2260322570801
2267.4576611541	58.3265647888184
2269.72538878132	56.5083847045898
2271.99243985467	56.091194152832
2274.25881465501	54.5376091003418
2276.52451346307	53.4190521240234
2278.78953655939	57.6810760498047
2281.05388422439	61.1536178588867
2283.31755673832	57.7754707336426
2285.58055438128	53.4717864990234
2287.8428774332	53.850284576416
2290.10452617389	52.3644714355469
2292.36550088297	53.266040802002
2294.62580183992	51.988109588623
2296.88542932407	56.1315689086914
2299.14438361458	54.866512298584
2301.40266499048	52.0364685058594
2303.66027373064	54.2196464538574
2305.91721011376	57.0691223144531
2308.17347441839	54.1971435546875
2310.42906692295	53.3587989807129
2312.68398790568	48.5200614929199
2314.93823764468	52.218391418457
2317.19181641789	50.6238174438477
2319.44472450311	51.0220642089844
2321.69696217797	53.3450889587402
2323.94852971996	54.2153625488281
2326.19942740641	54.4798126220703
2328.4496555145	50.9071388244629
2330.69921432126	47.9123268127441
2332.94810410355	49.8864898681641
2335.19632513812	53.3806915283203
2337.44387770152	52.5956001281738
2339.69076207017	49.4597816467285
2341.93697852034	53.4256057739258
2344.18252732816	52.9216499328613
2346.42740876956	52.0635528564453
2348.67162312038	52.4023590087891
2350.91517065627	51.4822540283203
2353.15805165273	42.8236694335938
2355.40026638514	45.4504013061523
2357.64181512868	52.0971336364746
2359.88269815841	46.1856498718262
2362.12291574924	46.2873725891113
2364.36246817593	48.1778106689453
2366.60135571307	42.1120719909668
2368.83957863512	47.6581611633301
2371.07713721636	42.9079437255859
2373.31403173097	40.633487701416
2375.55026245293	43.6477546691895
2377.78582965609	48.9881401062012
2380.02073361416	47.2396774291992
2382.25497460068	43.6064720153809
2384.48855288905	43.6122932434082
2386.72146875252	40.8421936035156
2388.95372246419	42.6771278381348
2391.18531429702	46.1034812927246
2393.41624452379	44.0600280761719
2395.64651341716	43.7984733581543
2397.87612124963	44.597728729248
2400.10506829356	44.8115234375
2402.33335482115	44.6983680725098
2404.56098110445	43.9113273620605
2406.78794741536	40.7463111877441
2409.01425402565	40.4516181945801
2411.23990120692	37.6769065856934
2413.46488923062	36.976619720459
2415.68921836807	40.1330223083496
2417.91288889044	40.1461563110352
2420.13590106872	45.1928749084473
2422.35825517379	41.5112457275391
2424.57995147637	38.2986030578613
2426.80099024703	40.8882331848145
2429.02137175617	37.9128074645996
2431.24109627409	34.6920471191406
2433.4601640709	40.7565765380859
2435.67857541658	39.9499015808105
2437.89633058096	39.2754592895508
2440.11342983373	37.6277732849121
2442.32987344441	38.5476913452148
2444.5456616824	39.2630729675293
2446.76079481694	37.3793716430664
2448.97527311713	38.182300567627
2451.1890968519	34.9507751464844
2453.40226629007	36.3242492675781
2455.61478170027	36.5
2457.82664335103	37.046028137207
2460.0378515107	32.2991065979004
2462.24840644749	30.1809864044189
2464.45830842948	30.1780624389648
2466.66755772458	32.2427101135254
2468.87615460057	35.4701652526855
2471.08409932508	37.4114570617676
2473.29139216559	35.6992225646973
2475.49803338944	31.0749835968018
2477.70402326382	31.6883697509766
2479.90936205578	34.4509506225586
2482.11405003221	36.1212425231934
2484.31808745988	35.4713325500488
2486.52147460539	32.7359390258789
2488.7242117352	30.11572265625
2490.92629911565	35.4134063720703
2493.1277370129	34.805850982666
2495.32852569297	35.5515975952148
2497.52866542176	34.9703216552734
2499.72815646501	31.7355270385742
2501.92699908831	32.3199729919434
2504.12519355711	30.6114311218262
2506.32274013671	32.3684158325195
2508.51963909229	29.5807056427002
2510.71589068886	26.0578308105469
2512.91149519128	31.2691650390625
2515.10645286429	32.949405670166
2517.30076397249	29.323055267334
2519.49442878029	28.1724033355713
2521.68744755202	31.7185573577881
2523.87982055182	30.196195602417
2526.07154804369	32.5066909790039
2528.26263029152	30.6330318450928
2530.45306755902	30.9765625
2532.64286010977	34.326416015625
2534.83200820721	33.9478874206543
2537.02051211463	29.6981258392334
2539.20837209519	25.5839233398438
2541.3955884119	34.8365707397461
2543.58216132762	35.789421081543
2545.76809110507	31.5580863952637
2547.95337800684	28.4487247467041
2550.13802229536	31.6313743591309
2552.32202423292	34.8883438110352
2554.50538408169	35.7570838928223
2556.68810210368	31.7137546539307
2558.87017856074	31.1937255859375
2561.05161371461	30.9793186187744
2563.23240782688	32.3970680236816
2565.41256115899	29.8483200073242
2567.59207397224	33.3603019714355
2569.77094652778	27.694896697998
2571.94917908665	23.2126655578613
2574.1267719097	31.2809371948242
2576.30372525769	36.2194519042969
2578.48003939121	35.041805267334
2580.6557145707	30.9725036621094
2582.83075105649	31.2428112030029
2585.00514910874	30.3901672363281
2587.17890898749	28.1696586608887
2589.35203095261	26.9078121185303
2591.52451526387	29.5298118591309
2593.69636218087	30.9812126159668
2595.86757196308	29.1872043609619
2598.03814486983	24.7872180938721
2600.2080811603	21.9581565856934
2602.37738109354	28.2169952392578
2604.54604492847	34.1215896606445
2606.71407292383	31.1548938751221
2608.88146533828	29.1060371398926
2611.04822243028	29.1246814727783
2613.2143444582	27.0883808135986
2615.37983168023	30.1671848297119
2617.54468435445	30.7556629180908
2619.70890273878	31.5341033935547
2621.87248709102	27.686149597168
2624.03543766881	28.164192199707
2626.19775472968	24.5056285858154
2628.35943853098	31.4792022705078
2630.52048932996	30.3570041656494
2632.68090738371	32.8431015014648
2634.84069294918	27.627965927124
2636.99984628319	29.2116279602051
2639.15836764243	30.121280670166
2641.31625728342	30.99635887146
2643.47351546258	32.6396026611328
2645.63014243616	36.4863929748535
2647.7861384603	38.2033805847168
2649.94150379098	33.0490684509277
2652.09623868404	30.8533954620361
2654.2503433952	33.9496879577637
2656.40381818004	33.1678771972656
2658.55666329398	32.7460708618164
2660.70887899234	31.0923919677734
2662.86046553026	33.2340888977051
2665.01142316277	37.987476348877
2667.16175214476	30.2131099700928
2669.31145273097	28.7715034484863
2671.46052517602	35.9449882507324
2673.60896973438	35.7233428955078
2675.75678666038	26.8820991516113
2677.90397620824	23.7001647949219
2680.05053863201	30.2999668121338
2682.19647418561	31.2801532745361
2684.34178312285	35.0625076293945
2686.48646569736	35.9633407592773
2688.63052216267	34.1152954101563
2690.77395277217	34.7598876953125
2692.91675777909	34.1930236816406
2695.05893743654	36.1085891723633
2697.2004919975	37.214038848877
2699.34142171481	33.1420555114746
2701.48172684115	34.079704284668
2703.6214076291	36.4793586730957
2705.76046433108	38.1777458190918
2707.8988971994	41.1000595092773
2710.03670648621	44.1952476501465
2712.17389244352	44.242244720459
2714.31045532323	41.1390037536621
2716.44639537709	41.8855209350586
2718.58171285672	46.1722602844238
2720.71640801359	43.519645690918
2722.85048109905	44.4480781555176
2724.98393236433	48.1718406677246
2727.11676206048	50.6501121520996
2729.24897043846	47.3250770568848
2731.38055774907	51.0810775756836
2733.51152424299	45.727653503418
2735.64187017075	44.3974494934082
2737.77159578276	46.8081283569336
2739.90070132929	42.5413589477539
2742.02918706047	40.4168395996094
2744.15705322631	42.5366172790527
2746.28430007667	36.6081886291504
2748.4109278613	37.7879981994629
2750.53693682978	38.8447494506836
2752.66232723158	38.8464851379395
2754.78709931605	31.2421741485596
2756.91125333237	31.0590286254883
2759.03478952961	34.2154197692871
2761.15770815671	37.5616760253906
2763.28000946246	39.1658248901367
2765.40169369554	36.2523651123047
2767.52276110447	38.9709358215332
2769.64321193765	31.8997859954834
2771.76304644335	33.5933303833008
2773.88226486972	37.9903411865234
2776.00086746473	37.716667175293
2778.11885447628	33.670280456543
2780.23622615208	35.2219085693359
2782.35298273975	36.2967262268066
2784.46912448676	32.8879356384277
2786.58465164044	34.6281776428223
2788.69956444801	31.3882160186768
2790.81386315654	34.7258567810059
2792.92754801298	36.2737693786621
2795.04061926412	36.0183219909668
2797.15307715666	35.5581703186035
2799.26492193713	33.8456993103027
2801.37615385197	37.6291847229004
2803.48677314744	42.5344924926758
2805.5967800697	46.544620513916
2807.70617486478	44.8942451477051
2809.81495777856	39.1241912841797
2811.9231290568	41.5371856689453
2814.03068894513	44.6026000976563
2816.13763768905	52.84423828125
2818.24397553392	50.5886573791504
2820.34970272498	55.2576065063477
2822.45481950733	58.0075454711914
2824.55932612594	63.9949378967285
2826.66322282567	63.0769233703613
2828.76650985121	73.87255859375
2830.86918744715	77.5519104003906
2832.97125585794	85.7135848999023
2835.0727153279	96.1671600341797
2837.17356610123	109.497627258301
2839.27380842199	123.514518737793
2841.37344253409	148.340270996094
2843.47246868136	187.573547363281
2845.57088710745	218.017074584961
2847.66869805592	243.772827148438
2849.76590177016	277.949737548828
2851.86249849346	308.398101806641
2853.95848846898	308.787963867188
2856.05387193974	299.340454101563
2858.14864914863	299.575958251953
2860.24282033842	306.116882324219
2862.33638575174	318.691192626953
2864.4293456311	328.053955078125
2866.52170021888	330.674560546875
2868.61344975732	348.389739990234
2870.70459448855	369.512420654297
2872.79513465455	386.423522949219
2874.8850704972	402.102691650391
2876.97440225822	414.083953857422
2879.06313017921	430.118896484375
2881.15125450166	436.156585693359
2883.23877546692	425.867065429688
2885.3256933162	439.325164794922
2887.4120082906	452.122772216797
2889.49772063108	461.627136230469
2891.58283057849	467.249938964844
2893.66733837352	471.021697998047
2895.75124425675	466.530822753906
2897.83454846866	469.440673828125
2899.91725124955	457.928039550781
2901.99935283963	461.809326171875
2904.08085347896	465.744323730469
2906.1617534075	474.862365722656
2908.24205286505	491.190490722656
2910.32175209131	506.470397949219
2912.40085132584	506.389038085938
2914.47935080807	504.885192871094
2916.55725077732	524.85693359375
2918.63455147275	552.433410644531
2920.71125313344	578.308471679688
2922.7873559983	584.788269042969
2924.86286030613	601.539489746094
2926.93776629561	606.657348632813
2929.0120742053	616.448059082031
2931.0857842736	618.238037109375
2933.15889673883	634.285766601563
2935.23141183914	631.584533691406
2937.30332981258	627.467590332031
2939.37465089706	614.370361328125
2941.44537533039	618.544616699219
2943.51550335022	617.248718261719
2945.58503519409	583.612060546875
2947.65397109943	550.144653320313
2949.72231130351	525.683471679688
2951.7900560435	513.058166503906
2953.85720555644	485.683837890625
2955.92376007925	485.431396484375
2957.9897198487	483.858428955078
2960.05508510147	479.223480224609
2962.11985607408	478.676330566406
2964.18403300295	459.665863037109
2966.24761612437	443.436981201172
2968.3106056745	418.697143554688
2970.37300188938	428.868225097656
2972.43480500492	425.62353515625
2974.4960152569	425.657073974609
2976.556632881	404.662719726563
2978.61665811275	394.245788574219
2980.67609118757	402.028869628906
2982.73493234074	370.518707275391
2984.79318180744	356.024810791016
2986.8508398227	349.890716552734
2988.90790662146	346.545043945313
2990.96438243849	333.212219238281
2993.02026750847	317.450103759766
2995.07556206595	319.272247314453
2997.13026634535	313.025665283203
2999.18438058097	304.996063232422
3001.23790500699	288.026916503906
3003.29083985746	283.254302978516
3005.34318536631	294.848297119141
3007.39494176734	284.849761962891
3009.44610929424	290.034057617188
3011.49668818057	293.748291015625
3013.54667865977	302.162475585938
3015.59608096514	294.22216796875
3017.64489532989	278.542999267578
3019.69312198707	287.550140380859
3021.74076116964	274.036163330078
3023.78781311041	272.586029052734
3025.8342780421	276.332489013672
3027.88015619727	259.755035400391
3029.92544780837	266.08837890625
3031.97015310775	280.13525390625
3034.01427232762	290.582763671875
3036.05780570006	299.920623779297
3038.10075345705	279.563873291016
3040.14311583042	283.988708496094
3042.1848930519	308.851501464844
3044.22608535308	308.264587402344
3046.26669296546	305.360595703125
3048.30671612039	306.748352050781
3050.3461550491	317.870025634766
3052.3850099827	331.208618164063
3054.4232811522	337.900207519531
3056.46096878846	342.142028808594
3058.49807312224	358.328704833984
3060.53459438416	377.178955078125
3062.57053280473	383.348175048828
3064.60588861434	374.169708251953
3066.64066204326	375.904296875
3068.67485332163	377.658508300781
3070.70846267948	386.061614990234
3072.74149034671	400.552337646484
3074.7739365531	402.30419921875
3076.80580152832	410.803619384766
3078.83708550191	403.268249511719
3080.86778870329	411.650421142578
3082.89791136177	428.997833251953
3084.92745370652	420.568969726563
3086.95641596661	403.853576660156
3088.98479837097	415.151000976563
3091.01260114844	442.848999023438
3093.03982452771	459.267333984375
3095.06646873737	465.963714599609
3097.09253400586	475.053955078125
3099.11802056155	480.966461181641
3101.14292863265	484.354370117188
3103.16725844726	491.605499267578
3105.19101023337	521.491821289063
3107.21418421884	516.322937011719
3109.23678063142	510.245178222656
3111.25879969873	540.295776367188
3113.28024164829	551.726501464844
3115.30110670747	563.734741210938
3117.32139510355	586.544921875
3119.34110706367	600.327026367188
3121.36024281487	603.703552246094
3123.37880258406	592.997680664063
3125.39678659804	617.811401367188
3127.41419508347	640.399780273438
3129.43102826693	647.429565429688
3131.44728637483	693.281677246094
3133.46296963351	691.575073242188
3135.47807826917	680.874633789063
3137.49261250789	694.608642578125
3139.50657257563	710.491516113281
3141.51995869824	723.693359375
3143.53277110146	755.717346191406
3145.54501001089	776.189697265625
3147.55667565202	770.416198730469
3149.56776825024	780.145324707031
3151.5782880308	791.492797851563
3153.58823521884	820.7099609375
3155.59761003939	820.361877441406
3157.60641271735	860.482238769531
3159.61464347751	876.118774414063
3161.62230254454	861.829406738281
3163.62939014299	862.831726074219
3165.63590649731	852.112060546875
3167.64185183181	872.167175292969
3169.64722637069	886.384643554688
3171.65203033805	947.927734375
3173.65626395785	952.619812011719
3175.65992745394	920.827941894531
3177.66302105006	943.633911132813
3179.66554496983	919.527526855469
3181.66749943675	955.263732910156
3183.66888467421	1014.87670898438
3185.66970090547	1013.34606933594
3187.6699483537	991.902954101563
3189.66962724193	1029.81286621094
3191.66873779308	1026.72839355469
3193.66728022996	1035.28283691406
3195.66525477525	1037.78881835938
3197.66266165154	1039.10327148438
3199.65950108127	1075.53955078125
3201.65577328679	1086.70959472656
3203.65147849034	1054.82434082031
3205.646616914	1077.53002929688
3207.64118877979	1086.08532714844
3209.63519430958	1113.08850097656
3211.62863372515	1127.56042480469
3213.62150724812	1135.05871582031
3215.61381510005	1138.474609375
3217.60555750235	1161.7294921875
3219.59673467632	1151.05163574219
3221.58734684315	1120.30847167969
3223.57739422392	1150.12536621094
3225.56687703959	1139.26147460938
3227.55579551099	1140.99169921875
3229.54414985887	1141.4287109375
3231.53194030382	1126.26599121094
3233.51916706637	1119.59912109375
3235.50583036689	1163.97241210938
3237.49193042565	1212.19165039063
3239.47746746281	1214.97436523438
3241.46244169841	1167.63757324219
3243.44685335239	1158.95275878906
3245.43070264455	1159.42358398438
3247.4139897946	1201.57373046875
3249.39671502213	1216.77758789063
3251.3788785466	1191.67431640625
3253.36048058739	1219.923828125
3255.34152136372	1204.38012695313
3257.32200109474	1185.79455566406
3259.30191999947	1202.53137207031
3261.2812782968	1158.34191894531
3263.26007620554	1178.65747070313
3265.23831394435	1207.57763671875
3267.2159917318	1228.30969238281
3269.19310978635	1194.26989746094
3271.16966832633	1182.67150878906
3273.14566756997	1202.24890136719
3275.12110773538	1208.92407226563
3277.09598904056	1213.56457519531
3279.07031170339	1224.57800292969
3281.04407594166	1230.96154785156
3283.01728197302	1218.79309082031
3284.98993001502	1217.5556640625
3286.96202028509	1225.66088867188
3288.93355300057	1182.3740234375
3290.90452837865	1164.96752929688
3292.87494663645	1216.2060546875
3294.84480799094	1269.552734375
3296.81411265901	1265.36779785156
3298.78286085741	1233.25659179688
3300.75105280279	1187.59362792969
3302.71868871169	1171.55554199219
3304.68576880055	1179.74133300781
3306.65229328567	1178.00756835938
3308.61826238325	1196.49743652344
3310.58367630939	1223.81616210938
3312.54853528007	1237.94372558594
3314.51283951115	1258.42419433594
3316.47658921839	1257.5703125
3318.43978461745	1214.25280761719
3320.40242592384	1193.75085449219
3322.364513353	1213.12536621094
3324.32604712023	1198.98217773438
3326.28702744073	1215.14416503906
3328.24745452961	1235.88330078125
3330.20732860182	1194.45825195313
3332.16664987225	1233.11389160156
3334.12541855565	1301.90502929688
3336.08363486666	1270.03491210938
3338.04129901982	1242.87854003906
3339.99841122955	1213.53039550781
3341.95497171018	1232.53540039063
3343.91098067589	1279.39636230469
3345.86643834079	1271.787109375
3347.82134491886	1252.00012207031
3349.77570062398	1262.68139648438
3351.7295056699	1249.54553222656
3353.68276027027	1211.88488769531
3355.63546463865	1274.67919921875
3357.58761898846	1341.58142089844
3359.53922353302	1324.67309570313
3361.49027848556	1290.90661621094
3363.44078405916	1271.60192871094
3365.39074046683	1259.77917480469
3367.34014792145	1259.21398925781
3369.2890066358	1234.97448730469
3371.23731682253	1217.13537597656
3373.18507869421	1340.13879394531
3375.13229246328	1344.85095214844
3377.07895834208	1290.16101074219
3379.02507654284	1265.095703125
3380.97064727767	1290.40832519531
3382.91567075858	1267.61120605469
3384.86014719748	1284.54772949219
3386.80407680616	1258.16345214844
3388.7474597963	1217.54699707031
3390.69029637947	1271.81384277344
3392.63258676714	1291.99169921875
3394.57433117068	1289.16137695313
3396.51552980132	1272.74523925781
3398.4561828702	1294.06286621094
3400.39629058836	1293.20935058594
3402.33585316673	1292.00109863281
3404.27487081611	1320.51989746094
3406.21334374721	1307.73156738281
3408.15127217064	1284.26867675781
3410.08865629688	1290.83227539063
3412.02549633631	1317.22473144531
3413.96179249922	1238.623046875
3415.89754499577	1216.33996582031
3417.832754036	1255.5185546875
3419.76741982989	1276.13171386719
3421.70154258727	1285.0771484375
3423.63512251788	1291.22216796875
3425.56815983135	1262.70629882813
3427.50065473719	1233.91418457031
3429.43260744483	1253.33874511719
3431.36401816356	1256.32006835938
3433.29488710259	1233.75610351563
3435.22521447102	1217.10961914063
3437.15500047782	1235.72741699219
3439.08424533188	1250.92578125
3441.01294924196	1236.0859375
3442.94111241673	1232.97631835938
3444.86873506474	1246.90991210938
3446.79581739446	1227.57043457031
3448.72235961422	1255.24694824219
3450.64836193226	1229.35791015625
3452.57382455672	1167.02893066406
3454.4987476956	1172.15490722656
3456.42313155685	1205.91247558594
3458.34697634825	1222.01599121094
3460.27028227754	1202.64233398438
3462.19304955228	1185.39013671875
3464.11527838	1210.7626953125
3466.03696896807	1162.76708984375
3467.95812152377	1147.9609375
3469.87873625428	1107.26232910156
3471.79881336667	1089.38610839844
3473.71835306789	1114.63806152344
3475.63735556482	1117.67810058594
3477.5558210642	1153.52673339844
3479.47374977267	1092.74157714844
3481.39114189679	1043.36389160156
3483.30799764298	1045.84204101563
3485.22431721758	1054.890625
3487.14010082681	1018.43481445313
3489.05534867678	1007.84204101563
3490.97006097353	999.649536132813
3492.88423792295	958.272338867188
3494.79787973085	944.764892578125
3496.71098660292	949.038696289063
3498.62355874477	928.406677246094
3500.53559636189	918.685241699219
3502.44709965965	925.922058105469
3504.35806884334	925.089721679688
3506.26850411813	938.521789550781
3508.1784056891	905.129699707031
3510.08777376121	862.232971191406
3511.99660853933	842.437438964844
3513.9049102282	855.212219238281
3515.81267903249	863.669677734375
3517.71991515675	823.935668945313
3519.62661880542	804.244689941406
3521.53279018283	824.389587402344
3523.43842949324	823.240844726563
3525.34353694076	792.798583984375
3527.24811272943	734.600158691406
3529.15215706318	692.822509765625
3531.05567014582	682.492797851563
3532.95865218107	699.815063476563
3534.86110337256	703.040954589844
3536.76302392378	687.789794921875
3538.66441403814	662.829956054688
3540.56527391896	647.263793945313
3542.46560376942	639.499206542969
3544.36540379263	656.529479980469
3546.26467419157	653.171020507813
3548.16341516915	640.042724609375
3550.06162692814	607.471252441406
3551.95930967123	578.959899902344
3553.85646360101	582.719665527344
3555.75308891994	574.355895996094
3557.64918583041	550.297180175781
3559.54475453469	530.591186523438
3561.43979523495	499.611968994141
3563.33430813326	490.454925537109
3565.22829343157	526.534790039063
3567.12175133176	536.763366699219
3569.01468203558	525.4091796875
3570.90708574469	515.49609375
3572.79896266065	504.218048095703
3574.6903129849	492.136199951172
3576.5811369188	461.420593261719
3578.4714346636	436.166564941406
3580.36120642044	437.493103027344
3582.25045239037	430.301513671875
3584.13917277433	440.044250488281
3586.02736777315	436.343719482422
3587.91503758759	389.125122070313
3589.80218241827	377.708190917969
3591.68880246574	412.058868408203
3593.57489793042	424.632995605469
3595.46046901265	392.219604492188
3597.34551591265	357.784759521484
3599.23003883056	336.035888671875
3601.11403796641	333.558044433594
3602.99751352012	322.691375732422
3604.88046569152	313.116088867188
3606.76289468033	297.206451416016
3608.64480068617	291.819519042969
3610.52618390856	296.057312011719
3612.40704454694	298.681854248047
3614.28738280061	304.652191162109
3616.1671988688	277.145233154297
3618.04649295063	266.280059814453
3619.9252652451	261.529418945313
3621.80351595115	243.359344482422
3623.68124526759	226.385437011719
3625.55845339313	226.049926757813
3627.43514052639	231.862930297852
3629.31130686588	217.464004516602
3631.18695261002	203.614959716797
3633.06207795712	187.057342529297
3634.93668310541	184.355743408203
3636.81076825298	181.421798706055
3638.68433359786	178.398284912109
3640.55737933796	167.176391601563
3642.4299056711	158.681274414063
3644.30191279499	155.613616943359
3646.17340090724	140.721725463867
3648.04437020536	123.597442626953
3649.91482088678	107.750961303711
3651.78475314881	113.862548828125
3653.65416718867	105.319969177246
3655.52306320347	88.5245590209961
3657.39144139022	78.2110290527344
3659.25930194585	77.2637329101563
3661.12664506718	65.5194091796875
3662.99347095091	52.569881439209
3664.85977979368	46.3267211914063
3666.725571792	33.6198310852051
3668.5908471423	20.843822479248
3670.45560604089	19.6176853179932
3672.319848684	14.404052734375
